99
1 2 100.2846
1 3 256.4449
1 4 139.5600
1 5 387.7551
1 6 91.7878
1 7 239.6435
1 8 290.7232
1 9 307.1433
1 10 115.4123
1 11 257.4898
1 12 167.7051
1 13 231.1753
1 14 86.0523
1 15 209.2009
1 16 323.0015
1 17 298.9649
1 18 126.9212
1 19 263.1900
1 20 377.2387
1 21 334.0733
1 22 185.2998
1 23 354.9930
1 24 337.0371
1 25 85.0882
1 26 193.7060
1 27 206.3129
1 28 211.3575
1 29 295.3574
1 30 260.1115
1 31 271.5529
1 32 126.9055
1 33 140.4706
1 34 316.9385
1 35 252.6757
1 36 103.0776
1 37 43.3244
1 38 55.6597
1 39 225.2820
1 40 267.8656
1 41 246.3331
1 42 317.8443
1 43 375.0893
1 44 324.0447
1 45 176.2328
1 46 188.7882
1 47 151.9803
1 48 222.6230
1 49 229.0000
1 50 293.2320
1 51 176.7258
1 52 196.2371
1 53 226.0465
1 54 28.2843
1 55 199.5821
1 56 126.3725
1 57 346.8789
1 58 190.3182
1 59 85.1587
1 60 175.0114
1 61 346.3943
1 62 270.0667
1 63 354.1892
1 64 189.1877
1 65 285.3559
1 66 260.1615
1 67 261.6448
1 68 61.0574
1 69 158.1455
1 70 165.0606
1 71 194.4865
1 72 292.0582
1 73 126.6057
1 74 173.9540
1 75 195.2895
1 76 230.7033
1 77 199.0779
1 78 371.7324
1 79 282.9629
1 80 256.4566
1 81 85.3815
1 82 127.4245
1 83 306.1242
1 84 137.5354
1 85 80.8950
1 86 243.5159
1 87 283.9894
1 88 173.0925
1 89 292.0068
1 90 225.8871
1 91 143.9340
1 92 164.7574
1 93 62.3618
1 94 257.1478
1 95 151.4761
1 96 58.6941
1 97 234.5592
1 98 376.4851
1 99 316.0775
2 3 350.0643
2 4 239.8416
2 5 465.1720
2 6 17.7200
2 7 230.3259
2 8 366.0123
2 9 407.3254
2 10 182.8797
2 11 328.6883
2 12 185.3969
2 13 274.1697
2 14 87.9204
2 15 261.3963
2 16 408.0012
2 17 334.8328
2 18 194.0103
2 19 362.0497
2 20 461.1724
2 21 420.0809
2 22 251.5572
2 23 446.3508
2 24 413.3243
2 25 65.5210
2 26 142.0880
2 27 288.5134
2 28 289.8707
2 29 362.7410
2 30 358.6990
2 31 366.0000
2 32 222.2791
2 33 187.8004
2 34 396.5514
2 35 352.9108
2 36 140.2926
2 37 143.5897
2 38 44.6430
2 39 263.0456
2 40 367.6806
2 41 244.3870
2 42 332.0000
2 43 475.2989
2 44 419.0107
2 45 263.0304
2 46 142.8986
2 47 127.7380
2 48 155.0032
2 49 318.5122
2 50 366.6524
2 51 272.3105
2 52 179.2540
2 53 290.8745
2 54 116.3486
2 55 299.7866
2 56 196.7968
2 57 429.7953
2 58 286.5659
2 59 180.6239
2 60 260.5993
2 61 432.8626
2 62 366.7220
2 63 449.0000
2 64 163.4901
2 65 354.7464
2 66 325.6762
2 67 272.0018
2 68 160.0781
2 69 172.0727
2 70 246.7144
2 71 220.6173
2 72 391.4294
2 73 64.8845
2 74 273.5855
2 75 286.4001
2 76 270.4903
2 77 156.2850
2 78 458.6807
2 79 366.9946
2 80 268.0168
2 81 86.4002
2 82 227.1299
2 83 405.2468
2 84 232.7252
2 85 153.4438
2 86 343.7921
2 87 360.7617
2 88 128.7245
2 89 388.9383
2 90 265.1264
2 91 234.8276
2 92 189.9316
2 93 119.0042
2 94 259.6960
2 95 179.8055
2 96 136.3598
2 97 289.4357
2 98 469.8787
2 99 319.6060
3 4 143.2655
3 5 379.2334
3 6 336.4714
3 7 328.1966
3 8 113.2254
3 9 117.3243
3 10 182.7895
3 11 319.5074
3 12 372.1142
3 13 210.0524
3 14 283.7904
3 15 343.4021
3 16 89.0056
3 17 251.0777
3 18 175.8551
3 19 161.0124
3 20 138.2932
3 21 94.0479
3 22 148.3375
3 23 99.6393
3 24 348.5656
3 25 302.3177
3 26 443.1365
3 27 86.2844
3 28 274.1168
3 29 147.3228
3 30 55.4437
3 31 213.7405
3 32 129.5569
3 33 319.8625
3 34 107.5639
3 35 99.7647
3 36 317.4728
3 37 217.1106
3 38 308.2110
3 39 222.6477
3 40 83.7377
3 41 317.0678
3 42 317.2270
3 43 168.4043
3 44 235.7477
3 45 93.0054
3 46 436.1938
3 47 317.5059
3 48 476.2657
3 49 231.8211
3 50 122.2007
3 51 186.6869
3 52 322.8204
3 53 144.5579
3 54 256.2889
3 55 103.0776
3 56 169.6408
3 57 326.0383
3 58 181.0110
3 59 213.3542
3 60 97.2677
3 61 103.0776
3 62 192.5097
3 63 255.9727
3 64 425.4551
3 65 135.7940
3 66 144.2221
3 67 298.0772
3 68 196.5808
3 69 369.9432
3 70 251.2469
3 71 378.7466
3 72 83.0060
3 73 344.7100
3 74 145.3823
3 75 64.8845
3 76 218.4033
3 77 444.0045
3 78 321.9084
3 79 68.8767
3 80 293.2337
3 81 333.1096
3 82 164.7938
3 83 174.6425
3 84 118.9285
3 85 201.2461
3 86 104.0000
3 87 104.2017
3 88 421.3846
3 89 198.9573
3 90 219.0183
3 91 115.4340
3 92 245.3997
3 93 236.1800
3 94 312.8082
3 95 240.4101
3 96 214.5530
3 97 176.6182
3 98 120.1041
3 99 341.4103
4 5 301.9553
4 6 230.7076
4 7 312.4772
4 8 223.1435
4 9 168.0774
4 10 138.1340
4 11 202.7807
4 12 228.9803
4 13 239.4013
4 14 201.5589
4 15 206.1553
4 16 227.7740
4 17 303.3892
4 18 141.2091
4 19 128.7633
4 20 280.1785
4 21 235.2871
4 22 167.2752
4 23 241.0000
4 24 258.3118
4 25 212.0590
4 26 307.7743
4 27 140.8119
4 28 151.4893
4 29 244.2970
4 30 128.0352
4 31 152.0526
4 32 58.1378
4 33 176.6154
4 34 235.5525
4 35 113.4637
4 36 176.6409
4 37 96.3016
4 38 195.2050
4 39 243.2879
4 40 130.5105
4 41 310.0984
4 42 350.1371
4 43 235.8495
4 44 199.8650
4 45 108.5219
4 46 299.8266
4 47 257.6141
4 48 343.7819
4 49 131.7953
4 50 229.4907
4 51 69.2026
4 52 285.2367
4 53 196.1734
4 54 128.3628
4 55 60.8276
4 56 134.4656
4 57 252.1270
4 58 75.0733
4 59 72.8629
4 60 111.9464
4 61 245.4588
4 62 143.2515
4 63 229.3142
4 64 285.3296
4 65 231.8124
4 66 219.9204
4 67 308.1834
4 68 82.2982
4 69 227.2466
4 70 116.6190
4 71 235.9068
4 72 156.1570
4 73 257.1575
4 74 40.1622
4 75 104.0048
4 76 244.1004
4 77 306.3152
4 78 265.7066
4 79 195.0205
4 80 302.5376
4 81 200.8009
4 82 21.5407
4 83 170.0265
4 84 59.1692
4 85 128.7051
4 86 104.0625
4 87 214.0584
4 88 285.8426
4 89 163.2330
4 90 241.4788
4 91 80.6226
4 92 220.5856
4 93 152.4533
4 94 313.8184
4 95 209.2510
4 96 126.4358
4 97 221.5513
4 98 256.2226
4 99 362.1381
5 6 466.1770
5 7 609.1182
5 8 490.5935
5 9 286.5257
5 10 437.7328
5 11 137.8731
5 12 315.2285
5 13 540.1666
5 14 472.3399
5 15 219.2282
5 16 461.7359
5 17 601.4865
5 18 442.1911
5 19 218.3873
5 20 497.4465
5 21 461.4336
5 22 466.9582
5 23 434.6332
5 24 51.9230
5 25 472.7050
5 26 436.0413
5 27 427.1264
5 28 176.7767
5 29 521.3924
5 30 326.0981
5 31 165.9187
5 32 360.0014
5 33 283.9894
5 34 486.1646
5 35 279.8517
5 36 329.1337
5 37 359.0223
5 38 428.9569
5 39 544.9422
5 40 299.8166
5 41 609.0731
5 42 651.8290
5 43 301.1345
5 44 152.5942
5 45 401.2032
5 46 425.0424
5 47 537.1406
5 48 476.0095
5 49 170.4846
5 50 499.1002
5 51 233.4138
5 52 574.9791
5 53 490.2418
5 54 360.9349
5 55 290.1465
5 56 435.7247
5 57 53.2259
5 58 227.1145
5 59 307.7174
5 60 405.8239
5 61 464.9656
5 62 186.7244
5 63 148.2161
5 64 389.0630
5 65 508.9538
5 66 506.8116
5 67 609.7245
5 68 359.9028
5 69 326.6129
5 70 222.7128
5 71 285.1123
5 72 314.8651
5 73 511.7353
5 74 266.7171
5 75 383.8541
5 76 545.3604
5 77 421.0582
5 78 70.8590
5 79 448.0737
5 80 604.0695
5 81 384.1875
5 82 293.8996
5 83 216.9101
5 84 359.6804
5 85 420.6400
5 86 275.2635
5 87 481.2027
5 88 420.5247
5 89 182.8497
5 90 542.9816
5 91 380.5220
5 92 518.9345
5 93 432.6812
5 94 614.2060
5 95 506.6606
5 96 410.0256
5 97 518.8680
5 98 427.2341
5 99 663.9917
6 7 214.5600
6 8 349.5211
6 9 397.3110
6 10 166.6043
6 11 330.7114
6 12 195.0641
6 13 256.4625
6 14 70.2282
6 15 266.6721
6 16 392.5519
6 17 317.1577
6 18 177.5894
6 19 354.9338
6 20 445.4863
6 21 404.7641
6 22 234.7105
6 23 432.0012
6 24 414.4840
6 25 47.8017
6 26 159.0000
6 27 273.0018
6 28 289.9810
6 29 345.6718
6 30 347.0519
6 31 361.4001
6 32 209.7475
6 33 192.8549
6 34 380.4326
6 35 343.1268
6 36 145.6022
6 37 134.5362
6 38 38.3275
6 39 245.3263
6 40 357.0616
6 41 228.1162
6 42 315.0397
6 43 465.3182
6 44 414.2366
6 45 248.3163
6 46 159.3800
6 47 112.0580
6 48 172.6963
6 49 315.6707
6 50 350.0000
6 51 267.0300
6 52 163.7132
6 53 273.8065
6 54 111.2879
6 55 289.9690
6 56 180.6239
6 57 429.2528
6 58 281.0018
6 59 175.0114
6 60 245.7031
6 61 417.5979
6 62 361.0499
6 63 444.3253
6 64 178.3059
6 65 337.8180
6 66 308.5660
6 67 255.0706
6 68 149.6162
6 69 182.0027
6 70 245.7519
6 71 229.6301
6 72 380.3117
6 73 52.8015
6 74 265.7311
6 75 272.3986
6 76 252.7706
6 77 172.6528
6 78 456.9836
6 79 351.4897
6 80 251.0080
6 81 94.1116
6 82 219.2031
6 83 397.9058
6 84 220.0659
6 85 138.1050
6 86 334.2529
6 87 344.4198
6 88 144.8862
6 89 383.1305
6 90 247.4065
6 91 221.0566
6 92 172.2440
6 93 103.2473
6 94 243.1872
6 95 162.0864
6 96 122.0656
6 97 271.9357
6 98 456.0044
6 99 303.2656
7 8 268.7322
7 9 434.2948
7 10 174.5423
7 11 489.3199
7 12 398.7405
7 13 130.2498
7 14 159.2482
7 15 448.7159
7 16 333.6240
7 17 149.4021
7 18 173.1416
7 19 433.0566
7 20 372.6902
7 21 347.1397
7 22 179.9028
7 23 392.2002
7 24 561.4455
7 25 173.6232
7 26 371.6140
7 27 241.9132
7 28 439.2778
7 29 243.2386
7 30 368.8970
7 31 464.2779
7 32 258.0426
7 33 379.5853
7 34 305.3539
7 35 391.5763
7 36 338.2366
7 37 254.6213
7 38 230.1065
7 39 114.0044
7 40 391.9503
7 41 20.6155
7 42 112.0089
7 43 494.5675
7 44 509.8431
7 45 244.2724
7 46 373.0764
7 47 102.5914
7 48 378.0212
7 49 439.6590
7 50 263.4692
7 51 377.5142
7 52 51.2445
7 53 192.1510
7 54 267.4864
7 55 348.5542
7 56 180.3358
7 57 561.9413
7 58 386.4013
7 59 304.8032
7 60 238.9519
7 61 359.2882
7 62 453.4766
7 63 538.2128
7 64 392.6894
7 65 243.2879
7 66 213.4315
7 67 58.8982
7 68 250.0500
7 69 386.9638
7 70 393.1743
7 71 429.7837
7 72 404.2833
7 73 168.4280
7 74 351.8991
7 75 273.5855
7 76 121.2972
7 77 386.5294
7 78 578.0190
7 79 298.9398
7 80 58.6941
7 81 299.1739
7 82 316.4838
7 83 467.9370
7 84 262.2689
7 85 188.5020
7 86 387.3822
7 87 269.6683
7 88 359.0487
7 89 471.5178
7 90 118.1271
7 91 245.6868
7 92 92.1303
7 93 181.5709
7 94 37.7359
7 95 103.2473
7 96 200.8382
7 97 165.7377
7 98 422.7340
7 99 91.2688
8 9 227.0088
8 10 183.2157
8 11 419.4961
8 12 437.6585
8 13 138.5135
8 14 283.7481
8 15 429.0000
8 16 67.0671
8 17 154.2595
8 18 172.0029
8 19 273.2490
8 20 105.1903
8 21 80.0062
8 22 115.9655
8 23 128.7633
8 24 457.3686
8 25 305.9412
8 26 484.3325
8 27 87.3212
8 28 370.5671
8 29 36.7151
8 30 168.6001
8 31 324.6798
8 32 181.4966
8 33 390.6354
8 34 36.6879
8 35 212.5300
8 36 375.8258
8 37 262.1622
8 38 331.4845
8 39 154.7385
8 40 196.8146
8 41 252.6025
8 42 225.7543
8 43 266.5108
8 44 348.9312
8 45 121.2023
8 46 479.5050
8 47 293.7244
8 48 511.2856
8 49 335.7216
8 50 9.2195
8 51 282.4606
8 52 280.6439
8 53 82.1523
8 54 301.2640
8 55 204.6192
8 56 169.4993
8 57 437.3751
8 58 280.4015
8 59 279.1774
8 60 120.3038
8 61 91.3510
8 62 304.2367
8 63 369.0664
8 64 477.3007
8 65 28.6356
8 66 55.3173
8 67 223.8080
8 68 241.6113
8 69 432.4465
8 70 339.5895
8 71 451.8462
8 72 192.3382
8 73 340.3307
8 74 240.4413
8 75 119.2057
8 76 147.5127
8 77 489.6121
8 78 434.8115
8 79 46.8615
8 80 220.2045
8 81 375.5769
8 82 243.0000
8 83 287.6804
8 84 173.4013
8 85 214.7557
8 86 215.8240
8 87 9.4868
8 88 463.8157
8 89 311.8525
8 90 150.6154
8 91 156.3106
8 92 208.0312
8 93 247.4934
8 94 243.1152
8 95 209.4111
8 96 235.1702
8 97 103.1601
8 98 159.8030
8 99 255.4310
9 10 271.1844
9 11 265.0472
9 12 373.4193
9 13 323.9336
9 14 359.4941
9 15 316.2436
9 16 182.3211
9 17 368.2458
9 18 267.8246
9 19 83.4865
9 20 211.8726
9 21 179.3600
9 22 256.5171
9 23 148.1924
9 24 267.0674
9 25 373.6161
9 26 469.0682
9 27 197.0228
9 28 233.0000
9 29 262.6804
9 30 66.1287
9 31 134.3503
9 32 194.1391
9 33 318.9248
9 34 212.0024
9 35 54.6260
9 36 333.6345
9 37 263.8257
9 38 362.7740
9 39 335.2149
9 40 43.0465
9 41 425.4656
9 42 433.3890
9 43 68.0074
9 44 134.3726
9 45 190.0447
9 46 460.2021
9 47 406.0603
9 48 507.0069
9 49 177.5387
9 50 236.2118
9 51 164.8302
9 52 421.2007
9 53 259.8346
9 54 296.2043
9 55 107.5639
9 56 260.6933
9 57 235.3253
9 58 151.7432
9 59 236.5354
9 60 195.3510
9 61 180.9420
9 62 111.6288
9 63 147.5974
9 64 440.2647
9 65 251.7479
9 66 261.5435
9 67 410.2645
9 68 247.6954
9 69 375.5276
9 70 230.6729
9 71 368.7303
9 72 34.7131
9 73 418.5929
9 74 140.6165
9 75 160.8011
9 76 331.8509
9 77 464.9398
9 78 221.3820
9 79 180.3136
9 80 405.1531
9 81 366.1707
9 82 183.8314
9 83 69.6348
9 84 185.5290
9 85 278.0378
9 86 64.4127
9 87 218.6344
9 88 447.3209
9 89 106.0424
9 90 331.8463
9 91 195.0641
9 92 345.9306
9 93 309.1472
9 94 423.1926
9 95 338.3726
9 96 283.7534
9 97 292.0360
9 98 142.0563
9 99 456.1951
10 11 325.6271
10 12 279.2579
10 13 120.0750
10 14 104.0433
10 15 301.0399
10 16 227.2664
10 17 188.7326
10 18 11.7047
10 19 259.7249
10 20 279.4584
10 21 239.8854
10 22 70.9366
10 23 271.3890
10 24 391.7372
10 25 124.9640
10 26 305.1328
10 27 108.2266
10 28 274.0073
10 29 182.5705
10 30 209.4039
10 31 289.7464
10 32 83.9345
10 33 242.7921
10 34 213.8457
10 35 223.3047
10 36 214.1145
10 37 102.6109
10 38 149.0034
10 39 117.7455
10 40 228.1403
10 41 172.0465
10 42 220.7193
10 43 336.1488
10 44 335.5965
10 45 89.8109
10 46 301.3785
10 47 136.0662
10 48 329.6013
10 49 267.3668
10 50 184.1657
10 51 204.6069
10 52 151.6344
10 53 111.6647
10 54 134.0149
10 55 176.3774
10 56 14.2127
10 57 389.1850
10 58 212.6241
10 59 144.0139
10 60 85.7963
10 61 252.8577
10 62 279.1129
10 63 364.2444
10 64 304.3813
10 65 173.5396
10 66 146.3284
10 67 172.8178
10 68 88.7694
10 69 271.0018
10 70 229.9239
10 71 301.9354
10 72 245.3447
10 73 164.1250
10 74 177.3697
10 75 118.6002
10 76 121.4578
10 77 312.4740
10 78 403.8378
10 79 186.1720
10 80 167.1706
10 81 200.1250
10 82 143.8367
10 83 296.4456
10 84 89.2861
10 85 34.5254
10 86 217.7062
10 87 177.8820
10 88 285.5679
10 89 297.5433
10 90 117.3243
10 91 76.1643
10 92 82.4924
10 93 64.3506
10 94 176.4795
10 95 71.5891
10 96 56.7186
10 97 119.3399
10 98 297.8473
10 99 227.9057
11 12 180.7097
11 13 438.5898
11 14 343.4210
11 15 85.9069
11 16 408.3540
11 17 504.5443
11 18 332.2950
11 19 181.6040
11 20 454.1586
11 21 412.0194
11 22 368.5064
11 23 399.4308
11 24 86.1452
11 25 341.2228
11 26 301.8029
11 27 342.1871
11 28 51.9711
11 29 444.4063
11 30 276.5231
11 31 134.1641
11 32 258.4956
11 33 146.1540
11 34 424.8353
11 35 232.8132
11 36 191.3792
11 37 234.7978
11 38 294.2669
11 39 440.3237
11 40 257.5286
11 41 491.9278
11 42 545.8388
11 43 308.6503
11 44 167.0269
11 45 310.9871
11 46 290.8333
11 47 409.2004
11 48 342.4062
11 49 89.6772
11 50 426.8138
11 51 137.2771
11 52 450.7949
11 53 398.9236
11 54 229.6541
11 55 217.1175
11 56 326.7185
11 57 113.7717
11 58 139.4417
11 59 184.6646
11 60 314.6109
11 61 419.0585
11 62 155.0774
11 63 186.6789
11 64 256.4001
11 65 431.7789
11 66 422.1907
11 67 497.9086
11 68 240.2603
11 69 191.1675
11 70 96.3328
11 71 154.2595
11 72 281.0427
11 73 378.0608
11 74 179.0782
11 75 301.9818
11 76 442.2952
11 77 288.1336
11 78 151.9210
11 79 384.0117
11 80 492.2936
11 81 246.5624
11 82 187.8297
11 83 207.5114
11 84 261.4517
11 85 302.7293
11 86 224.0826
11 87 410.0793
11 88 285.0860
11 89 168.3241
11 90 439.0626
11 91 282.8781
11 92 402.7332
11 93 308.5612
11 94 499.2655
11 95 389.7409
11 96 288.5308
11 97 423.5717
11 98 402.0572
11 99 553.2522
12 13 397.9158
12 14 239.5204
12 15 96.0208
12 16 454.2521
12 17 466.1384
12 18 290.1103
12 19 299.8733
12 20 507.7046
12 21 462.7742
12 22 345.2839
12 23 469.8351
12 24 265.0075
12 25 226.4178
12 26 121.1487
12 27 350.3427
12 28 165.6412
12 29 449.5787
12 30 352.2400
12 31 275.8550
12 32 256.6320
12 33 54.5619
12 34 457.1706
12 35 323.5583
12 36 65.1920
12 37 179.3377
12 38 169.6850
12 39 392.7302
12 40 346.5501
12 41 408.3442
12 42 484.6648
12 43 434.1624
12 44 324.2992
12 45 316.5328
12 46 110.1635
12 47 300.4214
12 48 161.6972
12 49 217.9587
12 50 442.0520
12 51 208.6073
12 52 350.6337
12 53 384.8792
12 54 145.3444
12 55 280.6920
12 56 288.0017
12 57 294.2108
12 58 222.0721
12 59 160.3652
12 60 317.3704
12 61 473.4913
12 62 287.8906
12 63 350.4640
12 64 76.4003
12 65 438.3070
12 66 417.1199
12 67 427.3090
12 68 198.2246
12 69 13.6015
12 70 145.6022
12 71 36.0555
12 72 373.5679
12 73 247.8588
12 74 238.0021
12 75 324.7661
12 76 397.9058
12 77 107.6894
12 78 331.1193
12 79 418.3695
12 80 422.3091
12 81 101.5135
12 82 207.5379
12 83 339.8191
12 84 265.5202
12 85 245.6603
12 86 312.9297
12 87 429.5637
12 88 105.3850
12 89 308.5660
12 90 393.1921
12 91 281.3752
12 92 331.5569
12 93 229.8565
12 94 420.7731
12 95 318.4494
12 96 223.9866
12 97 398.0113
12 98 483.6796
12 99 480.7078
13 14 186.2606
13 15 420.2725
13 16 203.9314
13 17 68.6586
13 18 110.4400
13 19 340.4071
13 20 242.5634
13 21 217.3684
13 22 73.5527
13 23 263.5489
13 24 497.6465
13 25 208.7343
13 26 410.2780
13 27 127.0472
13 28 386.6187
13 29 114.0614
13 30 257.8992
13 31 381.3673
13 32 181.4635
13 33 362.8361
13 34 175.1114
13 35 289.3182
13 36 332.7416
13 37 222.6859
13 38 251.8730
13 39 16.5529
13 40 283.9894
13 41 114.2716
13 42 112.9292
13 43 378.4415
13 44 419.8488
13 45 142.4360
13 46 408.2218
13 47 172.1046
13 48 428.7249
13 49 370.9191
13 50 133.2404
13 51 308.6001
13 52 147.2990
13 53 66.0984
13 54 252.6697
13 55 256.3299
13 56 114.4902
13 57 489.0409
13 58 313.3129
13 59 262.0572
13 60 137.2771
13 61 229.3404
13 62 366.0738
13 63 445.6950
13 64 416.4733
13 65 113.2166
13 66 83.1986
13 67 88.8144
13 68 208.1394
13 69 389.0090
13 70 344.8028
13 71 421.6835
13 72 291.2044
13 73 231.0779
13 74 273.4703
13 75 167.0569
13 76 9.0554
13 77 420.3736
13 78 497.4626
13 79 171.0029
13 80 84.3801
13 81 312.5188
13 82 251.3344
13 83 368.7736
13 84 180.6931
13 85 152.4533
13 86 287.6282
13 87 139.7426
13 88 392.5876
13 89 380.6442
13 90 12.5300
13 91 159.6653
13 92 86.9540
13 93 171.1870
13 94 106.0047
13 95 94.9368
13 96 173.9339
13 97 36.0555
13 98 294.3824
13 99 132.3820
14 15 293.4110
14 16 331.0967
14 17 247.7600
14 18 113.8508
14 19 330.2756
14 20 382.7819
14 21 343.8168
14 22 167.9196
14 23 375.0693
14 24 422.0581
14 25 22.8254
14 26 226.2764
14 27 212.2687
14 28 296.5889
14 29 277.4833
14 30 302.9274
14 31 347.0706
14 32 165.5597
14 33 222.2004
14 34 316.1408
14 35 307.2784
14 36 179.3878
14 37 115.1694
14 38 72.3671
14 39 175.3539
14 40 317.2901
14 41 169.1892
14 42 250.6831
14 43 426.7798
14 44 398.1206
14 45 191.8880
14 46 225.3752
14 47 65.9469
14 48 242.5943
14 49 309.7418
14 50 283.5348
14 51 252.8814
14 52 112.3299
14 53 205.8009
14 54 114.2147
14 55 255.3312
14 56 118.2244
14 57 429.8953
14 58 265.0924
14 59 165.6050
14 60 188.4304
14 61 356.8081
14 62 342.2996
14 63 428.1226
14 64 239.1088
14 65 270.2240
14 66 240.2852
14 67 191.3661
14 68 121.0165
14 69 227.8530
14 70 250.0600
14 71 270.6474
14 72 337.9778
14 73 60.9262
14 74 240.6346
14 75 218.9087
14 76 182.6937
14 77 238.1701
14 78 452.6036
14 79 290.0431
14 80 186.8181
14 81 140.8013
14 82 196.1479
14 83 371.4364
14 84 174.7484
14 85 83.1685
14 86 299.6681
14 87 279.3152
14 88 210.1523
14 89 363.3414
14 90 177.3415
14 91 170.1352
14 92 102.9563
14 93 50.3587
14 94 182.4281
14 95 92.1954
14 96 76.1052
14 97 202.1806
14 98 400.9589
14 99 242.7880
15 16 431.2366
15 17 488.5949
15 18 309.9677
15 19 235.2871
15 20 481.6638
15 21 437.3786
15 22 356.5571
15 23 434.2914
15 24 169.0473
15 25 286.3861
15 26 217.0369
15 27 344.5809
15 28 85.6329
15 29 448.1440
15 30 310.8649
15 31 199.4492
15 32 251.7936
15 33 73.8173
15 34 441.3899
15 35 273.4410
15 36 121.2023
15 37 199.9650
15 38 233.5401
15 39 418.7851
15 40 298.2097
15 41 454.6042
15 42 519.7923
15 43 369.6823
15 44 242.2602
15 45 310.8521
15 46 206.0388
15 47 358.8105
15 48 257.3286
15 49 143.0874
15 50 435.0563
15 51 159.0629
15 52 405.1321
15 53 392.2958
15 54 181.2319
15 55 242.0744
15 56 305.7924
15 57 199.6497
15 58 168.6179
15 59 158.6600
15 60 313.2539
15 61 446.3743
15 62 216.0023
15 63 265.6558
15 64 170.8479
15 65 435.9002
15 66 420.4819
15 67 466.7215
15 68 212.3134
15 69 107.4663
15 70 92.1954
15 71 68.4105
15 72 324.3532
15 73 317.5059
15 74 198.4061
15 75 310.0790
15 76 422.3091
15 77 202.7141
15 78 237.6973
15 79 400.6208
15 80 461.2993
15 81 175.5135
15 82 186.0000
15 83 269.9870
15 84 257.9399
15 85 272.0386
15 86 263.2812
15 87 420.0107
15 88 201.3008
15 89 234.0534
15 90 418.3061
15 91 277.8489
15 92 369.2831
15 93 268.2872
15 94 464.4244
15 95 355.8792
15 96 253.6021
15 97 412.0692
15 98 442.5494
15 99 521.9693
16 17 220.4768
16 18 217.2487
16 19 243.9611
16 20 54.3783
16 21 13.6015
16 22 168.6476
16 23 61.9839
16 24 434.1520
16 25 352.2300
16 26 515.3213
16 27 119.5533
16 28 363.1116
16 29 101.2028
16 30 136.3085
16 31 298.1157
16 32 200.9602
16 33 403.5071
16 34 34.9285
16 35 182.8797
16 36 396.3647
16 37 288.3210
16 38 369.7188
16 39 219.8045
16 40 161.9197
16 41 318.1981
16 42 292.3303
16 43 210.1095
16 44 313.2491
16 45 146.8196
16 46 509.3417
16 47 349.7771
16 48 545.6162
16 49 320.2265
16 50 74.5453
16 51 275.5250
16 52 341.8669
16 53 142.7200
16 54 328.2834
16 55 192.0651
16 56 213.0540
16 57 408.8826
16 58 270.0167
16 59 293.9558
16 60 148.3947
16 61 26.4008
16 62 275.9601
16 63 329.4602
16 64 502.4122
16 65 95.4254
16 66 121.3342
16 67 290.4410
16 68 267.2265
16 69 450.9235
16 70 339.2713
16 71 463.4922
16 72 149.4122
16 73 390.2525
16 74 233.9444
16 75 130.5986
16 76 212.9836
16 77 518.2760
16 78 400.6557
16 79 41.1096
16 80 286.6984
16 81 404.9691
16 82 249.1766
16 83 249.0984
16 84 191.0026
16 85 254.5624
16 86 189.0661
16 87 64.2806
16 88 494.0132
16 89 279.1451
16 90 215.6965
16 91 179.7248
16 92 266.6927
16 93 289.3113
16 94 309.3622
16 95 266.1297
16 96 272.5014
16 97 168.0238
16 98 92.9139
16 99 322.3988
17 18 179.0112
17 19 395.3796
17 20 246.0996
17 21 232.6478
17 22 136.1910
17 23 282.4606
17 24 560.6086
17 25 269.4661
17 26 473.7615
17 27 177.5979
17 28 452.6235
17 29 119.3650
17 30 303.7137
17 31 439.7329
17 32 246.2214
17 33 431.4904
17 34 186.6815
17 35 340.3307
17 36 401.0050
17 37 291.3434
17 38 316.3321
17 39 74.0000
17 40 331.3065
17 41 129.0736
17 42 72.1734
17 43 416.1250
17 44 474.7473
17 45 200.3846
17 46 472.3315
17 47 221.4723
17 48 489.8296
17 49 433.8076
17 50 146.1130
17 51 372.2848
17 52 184.4912
17 53 112.4322
17 54 321.0296
17 55 313.5363
17 56 182.8497
17 57 549.5862
17 58 375.8683
17 59 330.1636
17 60 195.6860
17 61 242.6211
17 62 422.9090
17 63 499.0571
17 64 482.4148
17 65 125.6344
17 66 107.3313
17 67 91.4002
17 68 276.6442
17 69 457.0274
17 70 411.7341
17 71 490.2499
17 72 334.0808
17 73 285.7009
17 74 335.2611
17 75 220.6218
17 76 68.2642
17 77 484.7969
17 78 555.3602
17 79 197.3626
17 80 90.7855
17 81 379.0119
17 82 316.7665
17 83 419.7952
17 84 244.2294
17 85 220.9525
17 86 340.1647
17 87 159.4804
17 88 456.8556
17 89 435.7247
17 90 73.1095
17 91 222.8116
17 92 144.9310
17 93 238.1029
17 94 113.6002
17 95 155.7081
17 96 242.2581
17 97 82.6196
17 98 313.3449
17 99 104.3887
18 19 260.0000
18 20 269.0725
18 21 230.0000
18 22 59.2368
18 23 262.5890
18 24 396.8287
18 25 135.2072
18 26 316.8359
18 27 98.7927
18 28 280.5085
18 29 170.9064
18 30 205.0098
18 31 291.9246
18 32 85.0882
18 33 252.8577
18 34 203.0394
18 35 221.2193
18 36 225.0200
18 37 112.6144
18 38 160.5895
18 39 109.1650
18 40 224.8044
18 41 169.2838
18 42 213.5603
18 43 332.0015
18 44 336.7521
18 45 82.9759
18 46 313.0815
18 47 141.7921
18 48 341.2243
18 49 271.7094
18 50 172.7947
18 51 208.7989
18 52 153.5839
18 53 99.9600
18 54 145.0138
18 55 175.8408
18 56 7.2801
18 57 393.0852
18 58 216.1481
18 59 152.2005
18 60 78.5875
18 61 243.0021
18 62 280.4728
18 63 365.0712
18 64 315.9699
18 65 161.9413
18 66 134.6291
18 67 167.5858
18 68 97.7190
18 69 282.0160
18 70 237.0232
18 71 312.3203
18 72 241.0083
18 73 173.3494
18 74 179.7248
18 75 112.4500
18 76 112.3610
18 77 324.1682
18 78 406.6694
18 79 176.2073
18 80 161.9290
18 81 211.7475
18 82 148.4992
18 83 295.7110
18 84 89.1572
18 85 46.0977
18 86 216.1041
18 87 166.8323
18 88 297.2709
18 89 298.3773
18 90 108.4620
18 91 73.7564
18 92 81.1542
18 93 75.8024
18 94 172.6094
18 95 71.5681
18 96 68.2495
18 97 108.1157
18 98 289.4996
18 99 222.2521
19 20 282.8427
19 21 244.4995
19 22 267.4864
19 23 223.1435
19 24 190.8743
19 25 340.1191
19 26 403.7635
19 27 217.8073
19 28 150.7481
19 29 305.3670
19 30 107.8378
19 31 54.5894
19 32 175.8408
19 33 246.2052
19 34 267.7779
19 35 61.4654
19 36 267.9440
19 37 221.2736
19 38 317.7877
19 39 348.4207
19 40 82.5651
19 41 427.9918
19 42 453.2637
19 43 135.1481
19 44 79.5110
19 45 198.0025
19 46 394.1827
19 47 385.7784
19 48 443.2539
19 49 94.3716
19 50 281.9539
19 51 95.2733
19 52 410.5460
19 53 282.9700
19 54 246.1483
19 55 85.0882
19 56 252.7706
19 57 165.2755
19 58 80.4984
19 59 182.2224
19 60 203.2142
19 61 249.0984
19 62 32.0156
19 63 105.8159
19 64 370.5631
19 65 293.1638
19 66 294.4911
19 67 420.0060
19 68 210.1166
19 69 303.6001
19 70 154.4668
19 71 291.3829
19 72 102.0049
19 73 385.0325
19 74 90.0056
19 75 174.8285
19 76 347.0231
19 77 397.3978
19 78 162.0494
19 79 229.8891
19 80 414.5130
19 81 307.8262
19 82 136.1323
19 83 43.4166
19 84 170.8479
19 85 255.9785
19 86 57.4543
19 87 263.9564
19 88 382.5310
19 89 40.3609
19 90 345.7224
19 91 187.8297
19 92 341.1539
19 93 281.1868
19 94 429.1317
19 95 331.1223
19 96 255.1431
19 97 313.8296
19 98 222.1936
19 99 470.9522
20 21 44.9444
20 22 217.5063
20 23 65.3682
20 24 473.6592
20 25 404.2784
20 26 569.6885
20 27 172.7426
20 28 410.7615
20 29 130.4186
20 30 178.0702
20 31 337.4315
20 32 255.2646
20 33 456.4833
20 34 68.8840
20 35 223.6470
20 36 450.3710
20 37 342.6981
20 38 423.4489
20 39 258.9923
20 40 200.4420
20 41 355.8328
20 42 318.0063
20 43 224.0201
20 44 346.0665
20 45 201.0100
20 46 563.7198
20 47 397.7248
20 48 599.8617
20 49 365.0014
20 50 109.4440
20 51 324.2792
20 52 385.8342
20 53 186.9545
20 54 382.6604
20 55 240.4163
20 56 265.2791
20 57 445.3718
20 58 317.6161
20 59 347.5701
20 60 202.4253
20 61 35.3553
20 62 314.6824
20 63 358.7715
20 64 556.6660
20 65 129.4025
20 66 159.7655
20 67 324.9692
20 68 321.6038
20 69 504.6315
20 70 389.4868
20 71 516.0853
20 72 182.6609
20 73 441.1916
20 74 283.4449
20 75 184.8378
20 76 251.4458
20 77 572.6474
20 78 433.2436
20 79 94.4934
20 80 321.8400
20 81 459.3441
20 82 301.6820
20 83 281.2206
20 84 245.2529
20 85 307.7743
20 86 231.2163
20 87 106.5505
20 88 548.3885
20 89 314.8793
20 90 254.8804
20 91 234.0940
20 92 312.7715
20 93 342.2660
20 94 345.2448
20 95 313.4996
20 96 326.1564
20 97 207.8677
20 98 86.3134
20 99 350.3655
21 22 182.0247
21 23 50.2892
21 24 435.1977
21 25 364.8246
21 26 525.8945
21 27 131.8939
21 28 367.6588
21 29 113.2828
21 30 137.6118
21 31 298.9314
21 32 210.9502
21 33 411.5447
21 34 46.0977
21 35 183.9837
21 36 405.6230
21 37 298.7072
21 38 381.4197
21 39 233.2831
21 40 162.0154
21 41 331.6399
21 42 304.6375
21 43 203.0394
21 44 311.7852
21 45 158.1423
21 46 519.7615
21 47 363.1597
21 48 556.6130
21 49 323.3481
21 50 87.1436
21 51 280.6083
21 52 355.4603
21 53 156.3202
21 54 338.6517
21 55 196.8248
21 56 225.6745
21 57 408.8031
21 58 274.4668
21 59 302.6764
21 60 159.9625
21 61 13.0384
21 62 276.5086
21 63 326.9144
21 64 512.1611
21 65 108.1157
21 66 134.6291
21 67 303.6593
21 68 277.6274
21 69 459.7488
21 70 345.2535
21 71 471.1900
21 72 147.4619
21 73 403.1501
21 74 239.4264
21 75 140.4600
21 76 226.4178
21 77 528.5196
21 78 399.2493
21 79 53.8238
21 80 299.9617
21 81 415.4816
21 82 256.7801
21 83 247.2509
21 84 200.8308
21 85 266.6927
21 86 190.7800
21 87 77.6466
21 88 504.5017
21 89 278.6055
21 90 229.1724
21 91 190.4206
21 92 280.2320
21 93 301.5593
21 94 322.6918
21 95 279.5890
21 96 284.3132
21 97 181.4966
21 98 80.8084
21 99 335.0104
22 23 220.7351
22 24 425.0294
22 25 190.2630
22 26 376.0665
22 27 62.0725
22 28 316.6323
22 29 111.8034
22 30 190.5203
22 31 307.8262
22 32 110.0591
22 33 304.7950
22 34 149.4590
22 35 218.2407
22 36 280.6439
22 37 166.0271
22 38 219.5860
22 39 80.9938
22 40 215.1279
22 41 169.4462
22 42 186.3572
22 43 315.0175
22 44 346.8097
22 45 69.6419
22 46 372.2593
22 47 181.1353
22 48 400.2812
22 49 298.2097
22 50 115.6244
22 51 236.3049
22 52 177.1017
22 53 40.8044
22 54 201.4349
22 55 183.0437
22 56 58.9406
22 57 415.6501
22 58 240.4101
22 59 198.0808
22 60 64.3506
22 61 195.0103
22 62 292.6978
22 63 373.0442
22 64 374.4863
22 65 103.2473
22 66 75.3923
22 67 154.4345
22 68 148.2161
22 69 337.9260
22 70 276.5014
22 71 365.3505
22 72 225.3220
22 73 224.4749
22 74 200.2498
22 75 96.3846
22 76 79.6492
22 77 383.2701
22 78 423.9257
22 79 128.9496
22 80 149.1643
22 81 270.4848
22 82 180.6793
22 83 297.2137
22 84 108.1665
22 85 104.9952
22 86 215.8240
22 87 112.0446
22 88 356.4506
22 89 307.6166
22 90 78.2368
22 91 86.8389
22 92 99.9250
22 93 134.6143
22 94 166.6763
22 95 97.8621
22 96 126.9212
22 97 55.6597
22 98 249.8740
22 99 203.6296
23 24 413.0399
23 25 394.9937
23 26 542.7578
23 27 164.1493
23 28 358.8927
23 29 163.1686
23 30 123.9758
23 31 277.4617
23 32 228.4491
23 33 416.8069
23 34 96.3016
23 35 166.6763
23 36 416.5873
23 37 316.4253
23 38 405.5539
23 39 279.0340
23 40 142.2252
23 41 377.5341
23 42 354.2951
23 43 159.2985
23 44 282.5544
23 45 183.9185
23 46 535.8330
23 47 400.5521
23 48 575.6813
23 49 309.7628
23 50 136.4734
23 51 275.2817
23 52 397.0604
23 53 200.1125
23 54 355.7808
23 55 192.6577
23 56 257.3908
23 57 383.0835
23 58 266.7902
23 59 312.3203
23 60 186.9358
23 61 43.0465
23 62 254.5034
23 63 294.1598
23 64 524.8123
23 65 157.2768
23 66 182.0110
23 67 351.0356
23 68 295.7364
23 69 468.2414
23 70 342.4748
23 71 474.4734
23 72 121.3342
23 73 435.4917
23 74 236.6601
23 75 160.2061
23 76 272.5949
23 77 543.6212
23 78 369.3630
23 79 93.3809
23 80 347.1167
23 81 432.6685
23 82 262.3452
23 83 217.8164
23 84 217.8623
23 85 294.5980
23 86 175.3853
23 87 125.1000
23 88 521.0154
23 89 252.8715
23 90 274.9636
23 91 211.9457
23 92 320.4887
23 93 329.8257
23 94 369.4388
23 95 318.4604
23 96 310.0403
23 97 227.4951
23 98 31.0644
23 99 384.1940
24 25 421.8270
24 26 386.0829
24 27 389.0000
24 28 125.7060
24 29 486.4669
24 30 297.8657
24 31 136.3121
24 32 316.4127
24 33 232.2972
24 34 456.1272
24 35 251.3185
24 36 277.2526
24 37 309.5884
24 38 377.3857
24 39 501.5277
24 40 273.4264
24 41 562.1548
24 42 608.3067
24 43 293.0017
24 44 139.8320
24 45 361.2478
24 46 375.0853
24 47 487.1796
24 48 426.3391
24 49 126.8267
24 50 465.5502
24 51 189.1296
24 52 526.0466
24 53 450.6051
24 54 309.9581
24 55 253.6710
24 56 390.5791
24 57 43.4166
24 58 184.7404
24 59 258.3060
24 60 365.6132
24 61 439.9693
24 62 158.9780
24 63 146.0137
24 64 339.6498
24 65 473.8882
24 66 469.3591
24 67 564.3580
24 68 311.5670
24 69 276.0652
24 70 172.0378
24 71 236.0275
24 72 291.7602
24 73 460.4053
24 74 225.4994
24 75 346.2369
24 76 502.4122
24 77 371.5939
24 78 82.8070
24 79 416.7901
24 80 558.7021
24 81 332.2770
24 82 248.3647
24 83 199.2034
24 84 317.0016
24 85 373.0121
24 86 245.2305
24 87 447.8973
24 88 370.0662
24 89 161.0279
24 90 499.7689
24 91 338.2085
24 92 472.0858
24 93 383.5010
24 94 567.9340
24 95 459.5792
24 96 361.4374
24 97 478.1632
24 98 409.1222
24 99 619.0582
25 26 205.4118
25 27 233.0343
25 28 296.1216
25 29 300.1666
25 30 318.8636
25 31 353.6566
25 32 180.7678
25 33 213.7756
25 34 337.9970
25 35 320.6135
25 36 169.0118
25 37 120.6690
25 38 56.7979
25 39 197.5247
25 40 331.9036
25 41 185.2998
25 42 269.6016
25 43 441.2754
25 44 405.4639
25 45 211.2865
25 46 205.0098
25 47 74.0945
25 48 220.4654
25 49 313.4278
25 50 305.8840
25 51 258.8745
25 52 124.3905
25 53 228.4316
25 54 111.8928
25 55 268.0392
25 56 139.1761
25 57 431.9363
25 58 271.7517
25 59 168.9615
25 60 208.0793
25 61 377.7843
25 62 350.2913
25 63 435.5801
25 64 220.6354
25 65 292.8003
25 66 262.9753
25 67 209.8619
25 68 130.0154
25 69 214.2195
25 70 249.9940
25 71 258.8532
25 72 353.4544
25 73 45.1774
25 74 250.1280
25 75 237.4911
25 76 204.9780
25 77 218.0092
25 78 456.3299
25 79 311.1334
25 80 205.5480
25 81 125.8014
25 82 204.5507
25 83 382.0052
25 84 190.4206
25 85 101.0742
25 86 312.5700
25 87 301.3470
25 88 190.0237
25 89 371.7472
25 90 199.6121
25 91 187.6406
25 92 124.5351
25 93 66.3099
25 94 199.4618
25 95 114.2847
25 96 90.2497
25 97 225.0022
25 98 420.3725
25 99 259.8557
26 27 399.8912
26 28 283.0442
26 29 487.4690
26 30 435.8073
26 31 387.9240
26 32 315.4124
26 33 163.8841
26 34 510.5291
26 35 415.8233
26 36 136.0037
26 37 227.2642
26 38 158.6190
26 39 400.6420
26 40 436.2316
26 41 386.2460
26 42 474.0264
26 43 533.9007
26 44 438.6582
26 45 369.0962
26 46 11.0000
26 47 269.2582
26 48 41.0000
26 49 331.1571
26 50 486.6426
26 51 308.7297
26 52 320.3826
26 53 416.7841
26 54 187.4086
26 55 366.7220
26 56 317.5468
26 57 415.1301
26 58 323.3589
26 59 235.1042
26 60 368.2078
26 61 537.9080
26 62 396.9206
26 63 466.1545
26 64 48.7647
26 65 477.9561
26 66 451.4532
26 67 414.0435
26 68 248.3103
26 69 110.8873
26 70 254.9608
26 71 151.6476
26 72 462.7310
26 73 203.5313
26 74 328.6001
26 75 385.7097
26 76 407.5905
26 77 19.8494
26 78 451.5584
26 79 475.8340
26 80 410.0049
26 81 110.4355
26 82 288.4250
26 83 445.9529
26 84 325.8006
26 85 271.3116
26 86 405.4060
26 87 477.6777
26 88 21.9317
26 89 418.6287
26 90 402.3146
26 91 335.5965
26 92 329.2005
26 93 242.5634
26 94 401.7176
26 95 318.0582
26 96 249.8820
26 97 420.8800
26 98 561.4846
26 99 461.4856
27 28 291.6248
27 29 103.6967
27 30 130.9236
27 31 263.3097
27 32 94.5304
27 33 303.6462
27 34 110.6391
27 35 163.4442
27 36 288.6001
27 37 175.4822
27 38 250.8326
27 39 138.2353
27 40 156.9745
27 41 230.9827
27 42 238.0756
27 43 253.6001
27 44 297.1498
27 45 34.1321
27 46 394.5884
27 47 236.9156
27 48 428.5067
27 49 263.4274
27 50 91.9239
27 51 205.3022
27 52 237.8991
27 53 65.2993
27 54 214.9535
27 55 137.2006
27 56 94.0479
27 57 374.5557
27 58 205.9126
27 59 192.2628
27 60 32.9848
27 61 144.8102
27 62 245.7336
27 63 321.6287
27 64 390.9233
27 65 91.3510
27 66 80.5295
27 67 213.4596
27 68 154.7288
27 69 345.1449
27 70 257.1303
27 71 364.9109
27 72 164.7695
27 73 272.1213
27 74 164.7938
27 75 43.4166
27 76 134.8518
27 77 404.2833
27 78 378.3596
27 79 78.4920
27 80 208.4346
27 81 290.2637
27 82 159.2608
27 83 243.0741
27 84 87.0230
27 85 135.0741
27 86 162.7421
27 87 79.4040
27 88 379.0119
27 89 258.1414
27 90 134.8332
27 91 69.0507
27 92 160.3808
27 93 169.7587
27 94 227.2664
27 95 156.5184
27 96 153.5252
27 97 96.8349
27 98 191.8385
27 99 259.4224
28 29 394.4059
28 30 234.9681
28 31 114.1096
28 32 206.6712
28 33 119.6829
28 34 377.7009
28 35 193.9613
28 36 159.0503
28 37 185.3996
28 38 252.4639
28 39 388.3916
28 40 218.9612
28 41 441.3162
28 42 494.0132
28 43 284.4011
28 44 159.3895
28 45 259.9423
28 46 272.3692
28 47 361.9420
28 48 324.0386
28 49 57.4891
28 50 377.6361
28 51 88.3629
28 52 401.9913
28 53 347.4378
28 54 184.2607
28 55 171.0468
28 56 274.8709
28 57 140.2462
28 58 93.1933
28 59 134.5362
28 60 263.4331
28 61 375.4531
28 62 130.3840
28 63 184.8946
28 64 241.6278
28 65 381.8115
28 66 371.2950
28 67 446.5087
28 68 189.5257
28 69 173.3032
28 70 46.6154
28 71 148.1114
28 72 244.1352
28 73 334.9701
28 74 130.5527
28 75 252.2102
28 76 390.3332
28 77 272.0294
28 78 172.0262
28 79 336.7195
28 80 440.8832
28 81 212.2499
28 82 135.9890
28 83 184.3909
28 84 209.8476
28 85 251.8730
28 86 184.3583
28 87 361.2118
28 88 264.1685
28 89 148.5530
28 90 387.1137
28 91 231.2336
28 92 351.8082
28 93 259.4167
28 94 448.2823
28 95 338.9174
28 96 238.4722
28 97 371.7768
28 98 364.2815
28 99 501.7898
29 30 202.7264
29 31 355.6079
29 32 197.0102
29 33 404.9691
29 34 67.3647
29 35 245.4160
29 36 386.2137
29 37 271.2287
29 38 331.3880
29 39 130.6139
29 40 231.0411
29 41 225.8584
29 42 191.3870
29 43 303.2095
29 44 382.2002
29 45 137.2953
29 46 483.4015
29 47 279.3027
29 48 512.0791
29 49 362.9449
29 50 27.7308
29 51 307.1482
29 52 260.5091
29 53 71.8679
29 54 308.9919
29 55 232.8197
29 56 169.9235
29 57 468.2574
29 58 306.4262
29 59 294.1700
29 60 135.0592
29 61 123.4058
29 62 335.8154
29 63 403.1898
29 64 484.0868
29 65 12.6491
29 66 37.2022
29 67 194.5508
29 68 251.5313
29 69 443.3892
29 70 360.7672
29 71 466.2414
29 72 227.9693
29 73 331.0423
29 74 265.7066
29 75 142.4430
29 76 122.6540
29 77 494.1619
29 78 467.3468
29 79 83.2346
29 80 191.4419
29 81 380.7388
29 82 262.9544
29 83 321.9255
29 84 190.2630
29 85 216.1574
29 86 247.9516
29 87 44.2041
29 88 467.6077
29 89 344.5693
29 90 126.5741
29 91 171.0000
29 92 192.3148
29 93 246.4163
29 94 214.8977
29 95 195.9005
29 96 237.7162
29 97 81.8413
29 98 194.0026
29 99 222.1824
30 31 161.8178
30 32 138.1919
30 33 298.1979
30 34 160.2248
30 35 46.5725
30 36 303.8635
30 37 217.6350
30 38 314.8587
30 39 269.0911
30 40 28.3196
30 41 359.6804
30 42 367.8383
30 43 127.0354
30 44 180.6239
30 45 125.0280
30 46 427.8469
30 47 345.3057
30 48 471.6068
30 49 187.0962
30 50 177.6091
30 51 151.8223
30 52 357.5598
30 53 194.1778
30 54 253.8858
30 55 71.5612
30 56 198.0404
30 57 273.0586
30 58 142.8741
30 59 200.8233
30 60 130.2498
30 61 143.3492
30 62 139.7784
30 63 200.5293
30 64 412.5070
30 65 191.1073
30 66 197.8737
30 67 344.1395
30 68 199.1231
30 69 352.0227
30 70 219.4926
30 71 353.8827
30 72 36.0000
30 73 363.1928
30 74 115.0043
30 75 95.3520
30 76 265.7706
30 77 434.2004
30 78 267.2022
30 79 123.4909
30 80 339.0339
30 81 328.2986
30 82 147.8682
30 83 119.2057
30 84 128.4445
30 85 220.0773
30 86 53.2353
30 87 159.6246
30 88 413.8756
30 89 144.4507
30 90 265.7311
30 91 134.2125
30 92 281.4978
30 93 253.0316
30 94 357.1736
30 95 274.5269
30 96 228.6591
30 97 226.3537
30 98 132.3820
30 99 390.2166
31 32 206.9299
31 33 225.0356
31 34 321.0685
31 35 115.2476
31 36 255.0804
31 37 233.0021
31 38 323.2228
31 39 387.8724
31 40 137.1167
31 41 461.2082
31 42 494.1457
31 43 174.5423
31 44 53.0848
31 45 239.7353
31 46 377.7089
31 47 406.9951
31 48 428.4880
31 49 57.9828
31 50 333.1816
31 51 94.8947
31 52 437.0080
31 53 327.5668
31 54 250.1619
31 55 126.2537
31 56 284.9298
31 57 112.7120
31 58 82.0000
31 59 186.6039
31 60 244.6630
31 61 303.6610
31 62 23.0000
31 63 83.0000
31 64 350.1728
31 65 343.2098
31 66 342.1184
31 67 456.8074
31 68 226.3736
31 69 281.7534
31 70 132.9662
31 71 261.6028
31 72 156.1570
31 73 397.4041
31 74 112.3788
31 75 219.8932
31 76 387.3306
31 77 379.1319
31 78 116.1034
31 79 282.4624
31 80 451.2128
31 81 301.5178
31 82 151.7893
31 83 73.3553
31 84 204.2474
31 85 280.0803
31 86 109.7862
31 87 315.2856
31 88 367.6330
31 89 34.8281
31 90 385.5075
31 91 223.6515
31 92 372.2284
31 93 300.4829
31 94 464.0108
31 95 361.1343
31 96 275.1182
31 97 357.3416
31 98 275.4088
31 99 509.4389
32 33 209.1626
32 34 200.8109
32 35 143.0035
32 36 196.2906
32 37 88.2383
32 38 179.4464
32 39 185.1513
32 40 151.7531
32 41 254.3325
32 42 292.0000
32 43 261.2374
32 44 251.8134
32 45 60.4070
32 46 309.0178
32 47 213.4596
32 48 347.4162
32 49 189.9316
32 50 186.4242
32 51 127.2831
32 52 234.8872
32 53 141.7604
32 54 128.0039
32 55 93.3809
32 56 78.0320
32 57 309.8709
32 58 132.9361
32 59 97.7394
32 60 62.0322
32 61 222.7330
32 62 195.4405
32 63 280.3444
32 64 301.4780
32 65 185.0108
32 66 168.7157
32 67 250.6970
32 68 67.3573
32 69 252.0496
32 70 167.6305
32 71 270.4071
32 72 172.6992
32 73 225.3220
32 74 95.0000
32 75 70.4911
32 76 186.0242
32 77 317.6051
32 78 322.0248
32 79 162.9632
32 80 245.0653
32 81 205.0000
32 82 70.6824
32 83 213.2440
32 84 10.6301
32 85 84.0536
32 86 136.2975
32 87 173.1733
32 88 293.8741
32 89 213.6375
32 90 183.3576
32 91 26.0768
32 92 165.9217
32 93 115.3170
32 94 257.1575
32 95 155.4670
32 96 90.5207
32 97 165.1091
32 98 249.5796
32 99 304.3222
33 34 408.2083
33 35 269.0074
33 36 47.5079
33 37 140.2462
33 38 160.0312
33 39 359.4496
33 40 292.0616
33 41 386.7661
33 42 456.6979
33 43 380.0632
33 44 275.0509
33 45 269.5515
33 46 153.3786
33 47 286.9320
33 48 204.8048
33 49 167.6932
33 50 395.5667
33 51 154.1558
33 52 334.4503
33 53 343.1457
33 54 113.7190
33 55 226.6385
33 56 249.7559
33 57 256.0488
33 58 167.7647
33 59 111.4630
33 60 270.8967
33 61 421.9443
33 62 235.6693
33 63 302.3144
33 64 125.2996
33 65 393.3040
33 66 374.0481
33 67 401.5694
33 68 156.6269
33 69 57.4282
33 70 92.7847
33 71 61.2944
33 72 319.0768
33 73 243.7970
33 74 183.6736
33 75 275.2780
33 76 363.8296
33 77 154.1558
33 78 290.4978
33 79 368.7167
33 80 396.2953
33 81 102.4597
33 82 155.0774
33 83 286.7821
33 84 217.3476
33 85 211.0261
33 86 258.3796
33 87 382.2277
33 88 144.5856
33 89 256.8268
33 90 359.4398
33 91 234.6764
33 92 304.2384
33 93 201.8539
33 94 397.5890
33 95 290.8488
33 96 190.7171
33 97 359.1239
33 98 429.9546
33 99 456.2949
34 35 206.3129
34 36 397.0202
34 37 285.4488
34 38 360.4109
34 39 191.3792
34 40 187.3873
34 41 289.0848
34 42 258.7450
34 43 243.8237
34 44 340.0662
34 45 142.3517
34 46 505.1901
34 47 329.0289
34 48 538.9555
34 49 338.3622
34 50 42.2966
34 51 289.3890
34 52 317.1072
34 53 118.0720
34 54 325.1615
34 55 207.7619
34 56 199.8099
34 57 433.0416
34 58 285.4768
34 59 297.1498
34 60 142.6639
34 61 56.0803
34 62 299.5363
34 63 357.8659
34 64 500.8732
34 65 63.1981
34 66 91.9239
34 67 259.7383
34 68 264.5033
34 69 452.8399
34 70 350.3213
34 71 469.0043
34 72 178.1011
34 73 373.7713
34 74 247.2448
34 75 132.9812
34 76 184.0924
34 77 514.7990
34 78 427.1124
34 79 41.0122
34 80 256.2655
34 81 400.8242
34 82 256.4001
34 83 276.7996
34 84 191.6716
34 85 243.8237
34 86 211.2865
34 87 37.7359
34 88 489.6295
34 89 304.6079
34 90 187.2565
34 91 177.1581
34 92 243.8955
34 93 277.5842
34 94 279.3296
34 95 244.7550
34 96 263.3040
34 97 139.8428
34 98 126.9055
34 99 289.4426
35 36 280.9270
35 37 209.3514
35 38 308.3261
35 39 298.8863
35 40 25.0000
35 41 384.3761
35 42 401.3303
35 43 122.4296
35 44 136.8211
35 45 149.0537
35 46 407.1486
35 47 356.3159
35 48 453.3696
35 49 143.1363
35 50 221.3504
35 51 116.5032
35 52 374.6812
35 53 228.6001
35 54 241.5885
35 55 53.1601
35 56 213.9650
35 57 226.7377
35 58 105.1190
35 59 182.3211
35 60 154.4345
35 61 189.2829
35 62 93.3006
35 63 159.1132
35 64 388.3877
35 65 233.4031
35 66 236.8818
35 67 372.5815
35 68 193.5691
35 69 324.8400
35 70 184.2010
35 71 321.4498
35 72 51.0000
35 73 365.7157
35 74 87.3212
35 75 122.2988
35 76 296.5687
35 77 412.2875
35 78 222.2836
35 79 168.6090
35 80 367.2506
35 81 311.9695
35 82 129.3754
35 83 79.6304
35 84 135.2368
35 85 227.0088
35 86 10.6301
35 87 203.3249
35 88 394.0051
35 89 99.3227
35 90 295.8547
35 91 147.4924
35 92 301.2308
35 93 256.9436
35 94 383.6926
35 95 292.6431
35 96 231.2488
35 97 260.2787
35 98 170.3291
35 99 421.3526
36 37 115.1173
36 38 113.8991
36 39 327.6843
36 40 302.1208
36 41 346.7059
36 42 420.7731
36 43 398.0163
36 44 307.0505
36 45 255.2117
36 46 126.7517
36 47 242.8436
36 48 175.3169
36 49 200.0400
36 50 379.8157
36 51 172.7918
36 52 291.6059
36 53 320.5027
36 54 80.1561
36 55 233.3624
36 56 223.0359
36 57 298.4125
36 58 187.4727
36 59 104.2929
36 60 255.6443
36 61 416.8501
36 62 262.4138
36 63 335.5965
36 64 108.7060
36 65 375.1706
36 66 353.1416
36 67 364.0508
36 68 134.7331
36 69 57.3149
36 70 123.1666
36 71 91.9239
36 72 328.8966
36 73 196.9873
36 74 193.6104
36 75 265.9192
36 76 332.7897
36 77 131.3659
36 78 331.0740
36 79 359.1560
36 80 358.9499
36 81 55.3624
36 82 156.0833
36 83 310.3820
36 84 205.7693
36 85 180.4688
36 86 270.4163
36 87 368.0014
36 88 114.6124
36 89 284.4169
36 90 328.1006
36 91 220.0954
36 92 267.6191
36 93 165.4207
36 94 358.4690
36 95 254.4013
36 96 158.8081
36 97 333.0060
36 98 432.8002
36 99 418.0072
37 38 98.9798
37 39 219.8295
37 40 224.6976
37 41 258.0097
37 42 319.8281
37 43 331.7665
37 44 284.8228
37 45 143.1258
37 46 221.0566
37 47 178.4741
37 48 259.2682
37 49 194.6176
37 50 265.7066
37 51 138.2932
37 52 216.6333
37 53 205.5480
37 54 39.9625
37 55 156.2626
37 56 109.6586
37 57 315.2935
37 58 151.0828
37 59 51.3128
37 60 142.8636
37 61 310.6638
37 62 229.8717
37 63 314.9492
37 64 215.4739
37 65 260.3171
37 66 238.0273
37 67 267.3668
37 68 21.0950
37 69 172.4094
37 70 138.9460
37 71 199.9050
37 72 249.1044
37 73 164.7786
37 74 131.5485
37 75 158.4456
37 76 223.9129
37 77 229.9848
37 78 337.4404
37 79 249.3291
37 80 261.8797
37 81 116.8289
37 82 85.1469
37 83 263.9185
37 84 98.7168
37 85 72.0902
37 86 200.2024
37 87 254.6861
37 88 205.8057
37 89 251.5094
37 90 219.6406
37 91 108.7842
37 92 170.2939
37 93 74.0270
37 94 266.4432
37 95 156.9841
37 96 54.4059
37 97 219.4470
37 98 336.6898
37 99 322.7786
38 39 242.7385
38 40 323.3110
38 41 241.0850
38 42 322.8761
38 43 430.7319
38 44 376.1077
38 45 223.4636
38 46 156.3490
38 47 130.7364
38 48 180.7014
38 49 277.3536
38 50 332.8799
38 51 229.0022
38 52 181.1767
38 53 259.9558
38 54 73.0616
38 55 255.2195
38 56 162.2467
38 57 391.3681
38 58 243.0741
38 59 137.0328
38 60 221.4611
38 61 394.0419
38 62 323.1873
38 63 406.1773
38 64 167.2423
38 65 322.5306
38 66 294.8118
38 67 263.6968
38 68 115.8706
38 69 157.4293
38 70 207.8485
38 71 202.4673
38 72 347.2636
38 73 84.3149
38 74 229.0720
38 75 245.3487
38 76 249.4674
38 77 168.5764
38 78 418.7851
38 79 328.9772
38 80 259.1062
38 81 69.0797
38 82 182.5842
38 83 360.9127
38 84 189.9947
38 85 116.7647
38 86 299.1755
38 87 325.6133
38 88 140.7302
38 89 345.3259
38 90 244.2396
38 91 193.6104
38 92 173.0000
38 93 85.0000
38 94 254.6625
38 95 161.1118
38 96 97.3088
38 97 262.4881
38 98 428.2674
38 99 315.0571
39 40 294.6591
39 41 98.5089
39 42 106.8878
39 43 391.0038
39 44 427.6786
39 45 150.6320
39 46 398.9499
39 47 157.4103
39 48 417.9294
39 49 375.0747
39 50 149.6162
39 51 312.4100
39 52 131.0153
39 53 80.1561
39 54 247.9355
39 55 263.8049
39 56 114.0614
39 57 494.2924
39 58 317.8380
39 59 261.3580
39 60 145.3444
39 61 245.3508
39 62 373.2774
39 63 454.0242
39 64 408.4899
39 65 129.6919
39 66 99.4585
39 67 75.4321
39 68 206.4946
39 69 383.4188
39 70 345.6892
39 71 417.5368
39 72 302.9488
39 73 217.8004
39 74 278.6037
39 75 176.6635
39 76 8.4853
39 77 411.3004
39 78 503.9454
39 79 186.1720
39 80 70.6116
39 81 305.0148
39 82 254.0177
39 83 378.0582
39 84 185.3106
39 85 148.4318
39 86 296.7086
39 87 155.7241
39 88 383.4071
39 89 388.4997
39 90 4.1231
39 91 164.7695
39 92 73.9256
39 93 164.1493
39 94 91.1976
39 95 83.2406
39 96 169.2483
39 97 51.7880
39 98 309.7822
39 99 122.6418
40 41 383.5205
40 42 394.6809
40 43 109.4897
40 44 152.8169
40 45 147.7092
40 46 427.7908
40 47 363.1116
40 48 473.2071
40 49 167.8720
40 50 205.8470
40 51 140.6556
40 52 378.2288
40 53 221.0633
40 54 258.7508
40 55 69.8928
40 56 217.6649
40 57 246.9838
40 58 129.7112
40 59 201.6036
40 60 153.0523
40 61 166.5443
40 62 114.5426
40 63 172.2614
40 64 410.1219
40 65 219.4265
40 66 225.8584
40 67 369.3481
40 68 207.6343
40 69 347.4162
40 70 208.5402
40 71 345.3650
40 72 27.0185
40 73 376.7453
40 74 108.9771
40 75 118.9033
40 76 291.6710
40 77 433.3405
40 78 239.7269
40 79 151.4332
40 80 364.1566
40 81 330.9048
40 82 148.2194
40 83 90.9065
40 84 142.8986
40 85 235.4400
40 86 34.9285
40 87 187.8776
40 88 414.3489
40 89 117.3882
40 90 291.4052
40 91 152.0296
40 92 303.1518
40 93 266.9925
40 94 381.7028
40 95 295.4539
40 96 241.8119
40 97 253.1600
40 98 145.3307
40 99 416.3712
41 42 92.7200
41 43 484.4337
41 44 505.5937
41 45 235.9364
41 46 387.2841
41 47 117.1068
41 48 394.1028
41 49 439.0046
41 50 246.9757
41 51 376.4359
41 52 67.4759
41 53 178.0702
41 54 273.7152
41 55 343.0875
41 56 176.3009
41 57 561.0570
41 58 384.6674
41 59 307.2784
41 60 230.5667
41 61 343.5942
41 62 449.5153
41 63 533.5485
41 64 405.5712
41 65 226.5304
41 66 197.3119
41 67 38.2884
41 68 251.7936
41 69 396.8904
41 70 395.6071
41 71 438.5487
41 72 394.7075
41 73 184.0027
41 74 348.9699
41 75 264.6998
41 76 105.2236
41 77 400.6495
41 78 575.7821
41 79 284.5699
41 80 38.2884
41 81 309.9193
41 82 315.4822
41 83 461.6925
41 84 257.7829
41 85 189.5046
41 86 380.6783
41 87 254.0118
41 88 372.9732
41 89 466.9604
41 90 102.5914
41 91 240.1687
41 92 90.1388
41 93 186.3894
41 94 17.4642
41 95 102.5914
41 96 203.7081
41 97 150.2065
41 98 408.2560
41 99 75.2396
42 43 484.2943
42 44 532.7307
42 45 255.3449
42 46 474.2700
42 47 207.0676
42 48 484.2665
42 49 481.9315
42 50 217.8302
42 51 419.2195
42 52 159.6621
42 53 173.6663
42 54 343.1982
42 55 369.2587
42 56 219.1461
42 57 601.1223
42 58 424.7258
42 59 364.5394
42 60 250.1999
42 61 314.7348
42 62 478.9958
42 63 558.4129
42 64 489.7683
42 65 197.1319
42 66 176.1619
42 67 60.0083
42 68 308.7799
42 69 474.1571
42 70 450.5153
42 71 512.3280
42 72 399.8212
42 73 274.3319
42 74 385.4257
42 75 279.3582
42 76 106.8316
42 77 487.4105
42 78 610.2491
42 79 267.5911
42 80 64.0703
42 81 390.1500
42 82 360.4719
42 83 480.9252
42 84 292.1797
42 85 247.7761
42 86 400.0312
42 87 230.4886
42 88 459.4801
42 89 493.5271
42 90 108.9036
42 91 271.5437
42 92 153.1600
42 93 255.5191
42 94 75.4321
42 95 166.3791
42 96 266.5521
42 97 141.5238
42 98 385.2402
42 99 34.9285
43 44 153.1698
43 45 251.7181
43 46 524.7676
43 47 471.7733
43 48 572.3993
43 49 227.0352
43 50 275.6102
43 51 226.4597
43 52 484.5462
43 53 312.7763
43 54 363.7197
43 55 175.5135
43 56 325.0015
43 57 255.0157
43 58 212.4170
43 59 303.2227
43 60 256.8599
43 61 200.2124
43 62 154.7773
43 63 153.0033
43 64 503.2574
43 65 293.7210
43 66 308.8689
43 67 466.4354
43 68 315.7024
43 69 437.2482
43 70 289.2490
43 71 426.5173
43 72 91.0494
43 73 486.1738
43 74 206.7075
43 75 221.8152
43 76 386.8074
43 77 528.9272
43 78 231.0087
43 79 220.2907
43 80 461.5561
43 81 432.6500
43 82 251.0159
43 83 101.2126
43 84 252.3014
43 85 344.8188
43 86 131.8484
43 87 259.3569
43 88 512.2900
43 89 140.4279
43 90 387.3977
43 91 260.4323
43 92 408.2560
43 93 376.4797
43 94 480.8295
43 95 401.4984
43 96 351.2563
43 97 344.6883
43 98 140.1606
43 99 509.4595
44 45 277.4185
44 46 428.2920
44 47 456.8687
44 48 479.4080
44 49 107.5174
44 50 357.8435
44 51 147.3397
44 52 484.9103
44 53 362.3727
44 54 303.0594
44 55 163.9329
44 56 329.6013
44 57 103.0049
44 58 133.8432
44 59 239.3011
44 60 282.6057
44 61 314.4074
44 62 56.6480
44 63 30.1496
44 64 399.5660
44 65 370.2175
44 66 373.0643
44 67 498.7595
44 68 277.1372
44 69 331.0242
44 70 184.2010
44 71 307.3272
44 72 164.3442
44 73 449.5019
44 74 159.7028
44 75 254.2853
44 76 426.4000
44 77 429.1445
44 78 87.4643
44 79 304.1135
44 80 493.2352
44 81 354.2951
44 82 202.0742
44 83 64.8460
44 84 247.8245
44 85 328.5681
44 86 135.2072
44 87 339.8191
44 88 418.6932
44 89 39.2046
44 90 425.0294
44 91 265.8308
44 92 417.7320
44 93 350.7079
44 94 507.3263
44 95 407.1855
44 96 325.0415
44 97 393.3154
44 98 274.6416
44 99 550.1145
45 46 363.4350
45 47 224.7576
45 48 398.8546
45 49 234.8042
45 50 126.0198
45 51 174.9571
45 52 233.0343
45 53 89.3588
45 54 182.9153
45 55 114.0219
45 56 76.6551
45 57 349.2062
45 58 176.8757
45 59 158.1455
45 60 5.3852
45 61 170.6605
45 62 223.8080
45 63 303.4535
45 64 358.5220
45 65 125.1000
45 66 111.4002
45 67 223.6068
45 68 122.1556
45 69 311.5381
45 70 224.1629
45 71 330.8066
45 72 160.7980
45 73 252.6757
45 74 135.8308
45 75 30.0000
45 76 149.0302
45 77 372.7868
45 78 355.6810
45 79 106.7801
45 80 218.2476
45 81 258.9903
45 82 126.1150
45 83 227.7060
45 84 53.0094
45 85 110.6797
45 86 146.2942
45 87 113.0310
45 88 347.9727
45 89 238.2142
45 90 147.8276
45 91 35.1710
45 92 156.5407
45 93 145.9075
45 94 234.7190
45 95 150.0033
45 96 126.7320
45 97 117.7964
45 98 209.1244
45 99 273.2709
46 47 270.5420
46 48 51.7880
46 49 320.8146
46 50 481.9979
46 51 299.2674
46 52 321.9068
46 53 413.0327
46 54 181.1105
46 55 358.4243
46 56 313.5554
46 57 404.1881
46 58 313.8471
46 59 227.0352
46 60 362.6844
46 61 531.6860
46 62 386.9431
46 63 455.6896
46 64 38.2753
46 65 473.7140
46 66 447.5992
46 67 414.3489
46 68 242.1425
46 69 99.9850
46 70 244.7693
46 71 140.6983
46 72 454.3710
46 73 205.5480
46 74 319.8640
46 75 379.4272
46 76 405.7647
46 77 13.6015
46 78 440.6722
46 79 470.0777
46 80 410.2060
46 81 104.4462
46 82 280.2428
46 83 436.2396
46 84 319.3384
46 85 267.3294
46 86 396.6976
46 87 472.7124
46 88 15.8114
46 89 408.5890
46 90 400.5197
46 91 329.6604
46 92 328.1128
46 93 239.4368
46 94 402.5245
46 95 316.7239
46 96 245.6868
46 97 417.9294
46 98 554.1787
46 99 462.4976
47 48 277.3536
47 49 372.6835
47 50 291.4395
47 51 314.0350
47 52 51.6624
47 53 211.6908
47 54 180.1610
47 55 306.4719
47 56 148.2970
47 57 493.7580
47 58 325.4428
47 59 229.6127
47 60 220.2930
47 61 376.1449
47 62 400.4722
47 63 486.5963
47 64 290.3274
47 65 274.7108
47 66 243.1666
47 67 147.3635
47 68 181.0690
47 69 288.1180
47 70 315.3490
47 71 332.9459
47 72 381.1824
47 73 67.2681
47 74 297.5937
47 75 254.1968
47 76 165.8011
47 77 283.9754
47 78 515.1165
47 79 309.9452
47 80 144.0139
47 81 199.4593
47 82 255.2117
47 83 425.3963
47 84 221.1108
47 85 130.1153
47 86 349.7571
47 87 291.2937
47 88 256.4625
47 89 420.8111
47 90 160.6020
47 91 211.3410
47 92 87.0460
47 93 106.6255
47 94 133.0150
47 95 84.3149
47 96 131.8977
47 97 198.0707
47 98 428.7249
47 99 192.3148
48 49 371.8925
48 50 513.0341
48 51 348.0589
48 52 327.0015
48 53 440.6473
48 54 220.0023
48 55 403.4476
48 56 342.6500
48 57 455.8618
48 58 362.7699
48 59 271.6266
48 60 397.5752
48 61 568.8620
48 62 437.1236
48 63 507.0079
48 64 87.0919
48 65 503.1352
48 66 475.5092
48 67 424.3642
48 68 280.0589
48 69 151.7531
48 70 295.5300
48 71 191.0654
48 72 499.4847
48 73 210.1523
48 74 366.3946
48 75 417.1630
48 76 425.2870
48 77 55.1453
48 78 492.4409
48 79 505.5621
48 80 420.7196
48 81 143.5862
48 82 325.0385
48 83 485.6758
48 84 357.9455
48 85 296.7305
48 86 443.0406
48 87 505.0634
48 88 60.9262
48 89 458.9259
48 90 419.9357
48 91 366.2595
48 92 344.9348
48 93 265.6991
48 94 410.3121
48 95 334.7118
48 96 276.1232
48 97 442.1911
48 98 595.4259
48 99 469.0096
49 50 343.4938
49 51 62.9365
49 52 407.4923
49 53 324.1389
49 54 204.9415
49 55 131.2174
49 56 265.2414
49 57 122.3193
49 58 57.9828
49 59 144.5164
49 60 239.0690
49 61 330.0242
49 62 72.9178
49 63 135.5913
49 64 292.5765
49 65 350.3042
49 66 343.9491
49 67 439.2414
49 68 192.4188
49 69 224.0826
49 70 76.9025
49 71 203.8284
49 72 191.6586
49 73 355.5784
49 74 98.9798
49 75 221.2532
49 76 375.7938
49 77 321.8462
49 78 142.9475
49 79 297.9010
49 80 433.5862
49 81 248.8875
49 82 123.5557
49 83 126.9055
49 84 190.2341
49 85 251.5572
49 86 134.4507
49 87 326.2407
49 88 311.1784
49 89 91.6788
49 90 373.2372
49 91 211.4001
49 92 348.9011
49 93 266.5408
49 94 443.8423
49 95 336.8086
49 96 242.6273
49 97 351.4043
49 98 312.6212
49 99 493.5605
50 51 289.6636
50 52 276.8429
50 53 79.8123
50 54 304.5406
50 55 212.5135
50 56 170.6605
50 57 445.8901
50 58 287.8923
50 59 284.1637
50 60 124.7798
50 61 98.0204
50 62 312.8530
50 63 378.1071
50 64 480.4925
50 65 21.0000
50 66 50.3289
50 67 217.4419
50 68 245.3263
50 69 436.6062
50 70 346.0549
50 71 456.8260
50 72 201.5366
50 73 339.4230
50 74 247.7357
50 75 125.7816
50 76 142.1724
50 77 492.2692
50 78 443.6147
50 79 56.0803
50 80 213.9743
50 81 378.3081
50 82 249.0984
50 83 296.7305
50 84 178.6309
50 85 216.3169
50 86 224.5106
50 87 18.0278
50 88 466.2746
50 89 320.6696
50 90 145.4991
50 91 160.9534
50 92 205.2511
50 93 248.5156
50 94 237.0654
50 95 207.2004
50 96 237.0654
50 97 98.4327
50 98 167.4515
50 99 247.8911
51 52 346.7059
51 53 263.8655
51 54 156.0513
51 55 83.8630
51 56 202.3116
51 57 184.6212
51 58 14.8661
51 59 92.0217
51 60 178.8994
51 61 288.9239
51 62 94.5304
51 63 177.4768
51 64 276.8104
51 65 294.5166
51 66 285.6081
51 67 376.3110
51 68 132.9662
51 69 211.0213
51 70 67.9779
51 71 204.9805
51 72 167.3858
51 73 302.5178
51 74 42.1900
51 75 164.7119
51 76 313.2922
51 77 302.8663
51 78 201.6953
51 79 248.3948
51 80 370.6562
51 81 213.1525
51 82 61.0328
51 83 138.1593
51 84 128.1405
51 85 190.0316
51 86 106.0000
51 87 273.0751
51 88 287.4039
51 89 116.8418
51 90 310.6397
51 91 149.4958
51 92 286.4001
51 93 207.4247
51 94 381.0472
51 95 274.4613
51 96 182.6609
51 97 290.1758
51 98 283.7693
51 99 430.6286
52 53 199.4492
52 54 224.4749
52 55 327.9085
52 56 160.8011
52 57 529.6036
52 58 356.8809
52 59 267.8003
52 60 228.0088
52 61 368.1549
52 62 428.2628
52 63 514.0671
52 64 341.9898
52 65 258.1182
52 66 226.7443
52 67 101.5135
52 68 215.2882
52 69 338.5513
52 70 355.4603
52 71 382.5232
52 72 393.5086
52 73 117.2092
52 74 325.3383
52 75 263.0304
52 76 139.4023
52 77 335.3759
52 78 548.3721
52 79 304.1200
52 80 99.1615
52 81 250.1859
52 82 286.2167
52 83 447.9699
52 84 240.8423
52 85 157.0127
52 86 369.2872
52 87 279.8517
52 88 307.9513
52 89 447.5321
52 90 134.8481
52 91 227.2004
52 92 77.5242
52 93 142.6114
52 94 84.3445
52 95 83.0542
52 96 165.0515
52 97 179.0112
52 98 426.6451
52 99 142.0141
53 54 241.6961
53 55 201.3157
53 56 99.7246
53 57 438.0183
53 58 266.1879
53 59 234.6764
53 60 85.0882
53 61 168.8846
53 62 310.5173
53 63 386.9276
53 64 415.2216
53 65 64.5368
53 66 34.8855
53 67 154.8709
53 68 187.0428
53 69 377.8161
53 70 309.3800
53 71 404.0198
53 72 226.5237
53 73 260.3114
53 74 225.1777
53 75 108.1896
53 76 74.8131
53 77 424.0672
53 78 443.0305
53 79 106.7942
53 80 150.3363
53 81 311.2700
53 82 211.8962
53 83 308.2093
53 84 137.6408
53 85 145.7978
53 86 228.0373
53 87 80.5295
53 88 397.2229
53 89 323.3218
53 90 76.2365
53 91 116.3787
53 92 125.8968
53 93 174.9571
53 94 171.3534
53 95 127.4127
53 96 167.7200
53 97 32.2025
53 98 230.5862
53 99 196.8654
54 55 189.1904
54 56 143.2829
54 57 321.0685
54 58 170.2381
54 59 64.2806
54 60 182.5075
54 61 350.5838
54 62 250.3917
54 63 333.1216
54 64 176.0454
54 65 298.3756
54 66 274.9618
54 67 287.8507
54 68 61.0574
54 69 137.0036
54 70 138.2932
54 71 169.7793
54 72 284.0035
54 73 151.4893
54 74 158.8081
54 75 198.3381
54 76 252.8715
54 77 190.0316
54 78 347.0807
54 79 289.2542
54 80 282.5774
54 81 77.0065
54 82 112.9469
54 83 289.4685
54 84 138.4052
54 85 100.3195
54 86 231.9052
54 87 293.9558
54 88 165.8945
54 89 272.5949
54 90 248.2438
54 91 148.7179
54 92 190.5387
54 93 88.1419
54 94 284.1215
54 95 177.1581
54 96 78.7718
54 97 253.0968
54 98 375.4744
54 99 342.6149
55 56 168.5734
55 57 237.4279
55 58 78.0256
55 59 131.8218
55 60 119.0966
55 61 205.0610
55 62 109.7862
55 63 190.8953
55 64 341.7967
55 65 220.2294
55 66 216.6679
55 67 334.9642
55 68 140.4315
55 69 280.6011
55 70 150.0000
55 71 282.6447
55 72 96.0469
55 73 313.1932
55 74 44.0114
55 75 93.8136
55 76 262.6880
55 77 364.2760
55 78 241.8677
55 79 167.0359
55 80 329.4617
55 81 261.0153
55 82 78.4092
55 83 120.0708
55 84 87.0919
55 85 176.4795
55 86 44.5533
55 87 195.1333
55 88 344.8159
55 89 124.8079
55 90 261.2049
55 91 102.9563
55 92 256.9085
55 93 205.1195
55 94 344.0610
55 95 247.2933
55 96 179.2261
55 97 231.2509
55 98 203.5927
55 99 386.1865
56 57 386.4622
56 58 209.4684
56 59 147.6279
56 60 72.4224
56 61 238.6483
56 62 273.3533
56 63 357.8827
56 64 315.5598
56 65 160.5802
56 66 134.0821
56 67 174.0000
56 68 93.8616
56 69 280.1785
56 70 231.7089
56 71 309.5561
56 72 234.0342
56 73 178.1937
56 74 172.7947
56 75 105.9056
56 76 116.8674
56 77 324.4596
56 78 399.7862
56 79 171.9593
56 80 168.3449
56 81 211.5467
56 82 142.2146
56 83 288.4337
56 84 81.9390
56 85 46.2385
56 86 208.8301
56 87 164.0122
56 88 297.7533
56 89 291.1941
56 90 113.1592
56 91 66.4906
56 92 88.3912
56 93 78.0064
56 94 179.4018
56 95 78.8480
56 96 68.0074
56 97 110.0182
56 98 284.0158
56 99 228.4841
57 58 177.0537
57 59 264.3274
57 60 353.9096
57 61 412.5845
57 62 133.5403
57 63 104.6948
57 64 370.1094
57 65 455.8344
57 66 454.0275
57 67 560.3080
57 68 314.3581
57 69 304.2910
57 70 183.5211
57 71 267.9179
57 72 262.7109
57 73 472.5526
57 74 215.6965
57 75 331.2175
57 76 494.4502
57 77 401.7823
57 78 40.4969
57 79 394.8683
57 80 554.6612
57 81 352.2854
57 82 245.6013
57 83 165.9789
57 84 309.0065
57 85 373.8730
57 86 222.0563
57 87 427.9871
57 88 397.9171
57 89 130.4952
57 90 492.2195
57 91 329.5876
57 92 471.0096
57 93 388.1263
57 94 565.5528
57 95 459.0098
57 96 364.6066
57 97 466.9786
57 98 376.8209
57 99 614.1856
58 59 106.0424
58 60 181.1077
58 61 282.2942
58 62 80.1561
58 63 163.9909
58 64 291.0069
58 65 293.7771
58 66 286.4350
58 67 383.2558
58 68 144.5441
58 69 224.8488
58 70 79.3221
58 71 217.2004
58 72 156.1185
58 73 315.6739
58 74 41.1461
58 75 164.2102
58 76 318.3473
58 77 317.3090
58 78 191.7603
58 79 244.6078
58 80 377.6096
58 81 228.0110
58 82 70.6824
58 83 123.3086
58 84 132.6537
58 85 199.9125
58 86 94.8103
58 87 270.9557
58 88 302.0761
58 89 102.3963
58 90 315.9050
58 91 153.6750
58 92 294.8525
58 93 218.8378
58 94 388.7236
58 95 283.1855
58 96 193.7060
58 97 293.4365
58 98 273.9964
58 99 437.1773
59 60 159.6152
59 61 313.6001
59 62 186.1720
59 63 269.4179
59 64 212.8004
59 65 282.3473
59 66 264.2726
59 67 314.3406
59 68 56.0357
59 69 157.0796
59 70 88.3912
59 71 172.6760
59 72 227.8640
59 73 211.6247
59 74 96.6644
59 75 164.4688
59 76 264.4617
59 77 233.4524
59 78 287.4596
59 79 258.0698
59 80 308.7685
59 81 129.6534
59 82 53.4135
59 83 225.6103
59 84 105.9056
59 85 118.4061
59 86 172.1859
59 87 270.7656
59 88 213.1783
59 89 208.3459
59 90 260.6473
59 91 123.4058
59 92 218.3323
59 93 125.2078
59 94 314.8603
59 95 205.2438
59 96 103.9663
59 97 253.4916
59 98 328.6351
59 99 369.8013
60 61 172.5862
60 62 228.8777
60 63 308.7086
60 64 358.3364
60 65 123.0000
60 66 108.1712
60 67 218.2407
60 68 122.0041
60 69 312.1618
60 70 227.1299
60 71 332.1807
60 72 165.9789
60 73 249.1305
60 74 140.1321
60 75 35.0571
60 76 143.8089
60 77 372.1787
60 78 360.6494
60 79 108.0046
60 80 212.8779
60 81 258.2654
60 82 129.0736
60 83 233.0601
60 84 55.3263
60 85 107.8007
60 86 151.6476
60 87 112.3610
60 88 347.1743
60 89 243.4030
60 90 142.5623
60 91 36.2215
60 92 151.4001
60 93 143.0035
60 94 229.3338
60 95 145.0034
60 96 124.4588
60 97 113.0708
60 98 212.5324
60 99 267.9776
61 62 281.0427
61 63 328.4768
61 64 523.6764
61 65 119.0168
61 66 146.3728
61 67 315.1587
61 68 289.6015
61 69 470.6729
61 70 354.1892
61 71 481.3253
61 72 150.2165
61 73 416.1730
61 74 248.1149
61 75 152.2662
61 76 238.3799
61 77 540.3379
61 78 401.8084
61 79 66.8506
61 80 311.5461
61 81 427.4775
61 82 266.9869
61 83 249.6498
61 84 212.5300
61 85 279.5085
61 86 196.5731
61 87 89.6270
61 88 516.4688
61 89 282.1507
61 90 241.2343
61 91 202.6080
61 92 293.0802
61 93 314.4137
61 94 334.4010
61 95 292.5269
61 96 296.9983
61 97 193.5691
61 98 72.1110
61 99 345.5228
62 63 86.1278
62 64 360.9432
62 65 323.5120
62 66 323.6356
62 67 443.4975
62 68 221.2871
62 69 292.9198
62 70 142.8881
62 71 275.9366
62 72 133.1841
62 73 394.6454
62 74 103.0922
62 75 202.4105
62 76 372.3439
62 77 389.1015
62 78 132.6537
62 79 261.3580
62 80 437.9429
62 81 306.3234
62 82 146.1540
62 83 54.0370
62 84 191.7603
62 85 271.9559
62 86 88.5664
62 87 294.8932
62 88 376.1981
62 89 22.3607
62 90 370.7573
62 91 210.2403
62 92 361.3489
62 93 294.4911
62 94 451.5761
62 95 350.6979
62 96 268.7322
62 97 340.8372
62 98 252.4460
62 99 495.4079
63 64 426.1854
63 65 391.4511
63 66 395.9823
63 67 525.8175
63 68 307.1189
63 69 357.6870
63 70 212.4924
63 71 331.9413
63 72 180.1000
63 73 479.6426
63 74 189.1719
63 75 279.2562
63 76 452.4622
63 77 456.1425
63 78 78.0577
63 79 323.4223
63 80 520.3268
63 81 383.5414
63 82 232.0194
63 83 81.4002
63 84 275.9746
63 85 357.9972
63 86 158.9025
63 87 360.1389
63 88 446.4448
63 89 66.7083
63 90 451.2704
63 91 293.4706
63 92 446.1625
63 93 380.5535
63 94 534.8878
63 95 435.8084
63 96 354.8309
63 97 418.2344
63 98 283.2825
63 99 576.6151
64 65 473.7805
64 66 449.2349
64 67 430.2767
64 68 236.3726
64 69 68.5420
64 70 218.0573
64 71 104.0048
64 72 437.0011
64 73 228.1162
64 74 301.2574
64 75 371.8306
64 76 414.8156
64 77 32.0000
64 78 407.3438
64 79 464.2112
64 80 425.8286
64 81 104.3935
64 82 264.7810
64 83 411.7086
64 84 311.4161
64 85 269.8740
64 86 377.8095
64 87 469.9979
64 88 41.7732
64 89 382.1256
64 90 409.7036
64 91 323.8719
64 92 340.1191
64 93 245.4893
64 94 420.0440
64 95 328.0137
64 96 247.7357
64 97 423.0012
64 98 541.4250
64 99 480.4009
65 66 31.6228
65 67 196.5960
65 68 240.4413
65 69 432.2800
65 70 348.3231
65 71 454.5910
65 72 217.0392
65 73 324.7845
65 74 253.0613
65 75 129.8075
65 76 122.0656
65 77 484.3346
65 78 455.1802
65 79 73.4302
65 80 193.1890
65 81 370.7101
65 82 250.5694
65 83 310.2580
65 84 178.1011
65 85 206.7365
65 86 235.7796
65 87 34.4384
65 88 457.9356
65 89 332.4695
65 90 125.5906
65 91 159.0503
65 92 188.0027
65 93 237.6741
65 94 216.3631
65 95 190.7905
65 96 228.0811
65 97 79.1581
65 98 188.2897
65 99 226.9736
66 67 169.1449
66 68 218.9155
66 69 410.4364
66 70 335.2685
66 71 435.1655
66 72 227.1783
66 73 293.9813
66 74 245.3080
66 75 123.1666
66 76 92.1954
66 77 458.5412
66 78 456.1853
66 79 91.7824
66 80 165.3663
66 81 345.4881
66 82 237.2277
66 83 315.6264
66 84 163.1686
66 85 180.2776
66 86 237.8571
66 87 57.0789
66 88 431.7928
66 89 334.5206
66 90 95.3362
66 91 142.7060
66 92 156.4001
66 93 209.8118
66 94 188.0665
66 95 159.3644
66 96 202.0718
66 97 48.1041
66 98 213.0376
66 99 203.7670
67 68 258.3060
67 69 416.4805
67 70 401.8072
67 71 455.8870
67 72 378.2274
67 73 214.5810
67 74 345.6154
67 75 250.7987
67 76 80.0625
67 77 427.5161
67 78 572.4587
67 79 259.2335
67 80 5.6569
67 81 331.4755
67 82 316.0775
67 83 451.2760
67 84 252.6064
67 85 196.0867
67 86 369.8675
67 87 226.2211
67 88 399.6061
67 89 459.7238
67 90 79.0759
67 91 233.3174
67 92 97.4936
67 93 199.7223
67 94 22.2036
67 95 110.9099
67 96 213.2159
67 97 124.4026
67 98 382.0118
67 99 55.4707
68 69 191.8593
68 70 143.9340
68 71 217.1474
68 72 231.4001
68 73 175.0114
68 74 120.1499
68 75 137.4118
68 76 210.0095
68 77 251.0777
68 78 334.2708
68 79 228.2542
68 80 252.7331
68 81 137.8768
68 82 75.1332
68 83 252.0317
68 84 77.8974
68 85 62.4820
68 86 184.8351
68 87 234.0299
68 88 226.8766
68 89 242.3964
68 90 205.9927
68 91 87.7097
68 92 162.4838
68 93 74.4648
68 94 259.0232
68 95 149.4824
68 96 50.2494
68 97 202.5488
68 98 316.3621
68 99 313.7658
69 70 150.0966
69 71 49.6488
69 72 374.4222
69 73 234.8042
69 74 238.5330
69 75 320.9299
69 76 388.7647
69 77 98.7623
69 78 340.6890
69 79 414.4514
69 80 411.5337
69 81 88.8369
69 82 205.9733
69 83 344.2005
69 84 261.2164
69 85 237.1034
69 86 314.2133
69 87 424.4997
69 88 94.0053
69 89 313.9331
69 90 383.9857
69 91 276.3711
69 92 321.1744
69 93 219.9659
69 94 409.5424
69 95 308.1509
69 96 215.2324
69 97 390.0820
69 98 482.8716
69 99 469.6009
70 71 138.0580
70 72 235.1702
70 73 289.4996
70 74 106.2309
70 75 220.3838
70 76 348.0589
70 77 246.4407
70 78 212.1320
70 79 309.4140
70 80 396.2032
70 81 173.0462
70 82 98.0612
70 83 194.2498
70 84 172.2005
70 85 206.4098
70 86 173.7728
70 87 330.4376
70 88 234.6955
70 89 164.1371
70 90 344.6157
70 91 193.1321
70 92 306.4148
70 93 212.9272
70 94 402.9516
70 95 293.4110
70 96 192.3382
70 97 332.0557
70 98 351.6390
70 99 457.2002
71 72 372.2271
71 73 282.3367
71 74 238.8828
71 75 336.0253
71 76 422.2665
71 77 136.0037
71 78 306.1046
71 79 429.2936
71 80 450.7605
71 81 135.5913
71 82 214.4108
71 83 329.2066
71 84 278.4978
71 85 269.3121
71 86 310.9100
71 87 443.4016
71 88 138.0797
71 89 295.4877
71 90 417.7320
71 91 295.9595
71 92 359.2353
71 93 256.8151
71 94 450.3887
71 95 345.9624
71 96 248.2942
71 97 419.3006
71 98 486.1954
71 99 509.9216
72 73 398.0013
72 74 135.9485
72 75 130.9809
72 76 299.2825
72 77 460.0456
72 78 251.8035
72 79 145.6915
72 80 373.2024
72 81 356.8809
72 82 174.4506
72 83 99.8098
72 84 163.2483
72 85 255.3625
72 86 61.4003
72 87 183.9348
72 88 440.8322
72 89 132.2195
72 90 299.4879
72 91 169.9559
72 92 317.3279
72 93 287.9045
72 94 391.7818
72 95 310.4658
72 96 263.2052
72 97 258.7122
72 98 121.0165
72 99 423.2316
73 74 295.0271
73 75 279.8303
73 76 225.8871
73 77 219.1004
73 78 498.2068
73 79 349.3265
73 80 211.1421
73 81 146.7549
73 82 249.2429
73 83 427.0422
73 84 234.7957
73 85 143.9618
73 86 357.7164
73 87 336.5011
73 88 192.0937
73 89 416.2319
73 90 220.5312
73 91 230.9329
73 92 144.1388
73 93 110.1635
73 94 200.1599
73 95 137.0109
73 96 134.9370
73 97 252.4064
73 98 461.6492
73 99 259.0483
74 75 123.3288
74 76 278.7759
74 77 324.9677
74 78 227.0352
74 79 206.2426
74 80 339.9912
74 81 225.9425
74 82 46.5296
74 83 132.3782
74 84 93.3809
74 85 168.8668
74 86 76.8375
74 87 231.0368
74 88 306.8110
74 89 123.2234
74 90 276.5231
74 91 113.8991
74 92 259.8557
74 93 192.0339
74 94 352.1150
74 95 248.7670
74 96 166.1114
74 97 252.7331
74 98 247.3237
74 99 398.9599
75 76 174.2699
75 77 388.0850
75 78 335.0060
75 79 93.6056
75 80 245.5443
75 81 275.2744
75 82 124.1974
75 83 201.7176
75 84 60.4152
75 85 136.4185
75 86 120.6731
75 87 110.0727
75 88 364.2321
75 89 215.1883
75 90 173.5886
75 91 51.7397
75 92 186.4537
75 93 171.4322
75 94 262.8174
75 95 180.0028
75 96 150.3363
75 97 139.0539
75 98 183.6110
75 99 299.0602
76 77 418.0431
76 78 503.4332
76 79 180.0111
76 80 75.5381
76 81 311.1302
76 82 255.4545
76 83 375.9255
76 84 185.6987
76 85 152.9706
76 86 294.6795
76 87 148.7884
76 88 390.1859
76 89 387.2002
76 90 5.3852
76 91 164.8787
76 92 81.8596
76 93 170.0029
76 94 97.0000
76 95 90.7579
76 96 174.1063
76 97 45.0999
76 98 303.4221
76 99 124.8239
77 78 438.8086
77 79 479.2703
77 80 423.3415
77 81 114.0614
77 82 286.3791
77 83 439.0900
77 84 327.8353
77 85 278.2804
77 86 401.7810
77 87 482.6945
77 88 28.0179
77 89 410.5460
77 90 412.8159
77 91 338.7462
77 92 340.7771
77 93 251.0319
77 94 415.8329
77 95 329.2795
77 96 256.4937
77 97 429.5323
77 98 561.4455
77 99 475.8498
78 79 390.5855
78 80 566.8483
78 81 383.8815
78 82 262.2518
78 83 152.1611
78 84 319.8640
78 85 391.5418
78 86 219.4015
78 87 425.5925
78 88 433.7764
78 89 122.9675
78 90 501.5974
78 91 339.5585
78 92 486.2612
78 93 408.6784
78 94 579.1459
78 95 474.7736
78 96 384.2317
78 97 473.1184
78 98 360.0694
78 99 625.3575
79 80 255.0961
79 81 365.6364
79 82 216.0208
79 83 242.0331
79 84 153.3884
79 85 213.5509
79 86 172.8120
79 87 39.1152
79 88 454.6570
79 89 267.6864
79 90 182.1346
79 91 140.5454
79 92 228.0373
79 93 248.2438
79 94 277.0072
79 95 226.7708
79 96 231.7002
79 97 135.0037
79 98 123.7942
79 99 295.5486
80 81 326.7354
80 82 310.4207
80 83 445.8901
80 84 247.0020
80 85 190.5413
80 86 364.4859
80 87 222.4410
80 88 395.4099
80 89 454.2092
80 90 74.3303
80 91 227.7477
80 92 92.1358
80 93 194.4659
80 94 23.7697
80 95 105.5509
80 96 207.7619
80 97 120.1499
80 98 378.0648
80 99 61.0328
81 82 182.7813
81 83 351.0698
81 84 215.4112
81 85 165.6563
81 86 301.8377
81 87 368.6353
81 88 89.0449
81 89 328.6366
81 90 306.0801
81 91 225.2576
81 92 238.4219
81 93 141.3542
81 94 323.2105
81 95 225.8871
81 96 143.5862
81 97 318.6095
81 98 451.9657
81 99 383.5375
82 83 178.8100
82 84 74.3303
82 85 129.2942
82 86 119.4194
82 87 234.0192
82 88 266.5070
82 89 167.3230
82 90 252.4916
82 91 95.5196
82 92 225.4107
82 93 148.7616
82 94 320.3155
82 95 213.4338
82 96 123.3288
82 97 235.7902
82 98 277.1462
82 99 370.6966
83 84 207.1618
83 85 295.2965
83 86 81.4125
83 87 278.7723
83 88 424.8588
83 89 39.8497
83 90 375.0960
83 91 222.3263
83 92 376.6285
83 93 321.8959
83 94 461.7326
83 95 367.2397
83 96 295.8192
83 97 339.9088
83 98 210.8578
83 99 500.6326
84 85 92.5419
84 86 128.9961
84 87 164.9060
84 88 304.2318
84 89 209.3036
84 90 183.3058
84 91 21.4709
84 92 170.3085
84 93 124.6635
84 94 259.9250
84 95 160.3652
84 96 100.2447
84 97 162.4131
84 98 238.9498
84 99 305.6550
85 86 220.0818
85 87 208.8492
85 88 251.5253
85 89 291.7602
85 90 148.4891
85 91 86.9770
85 92 100.0050
85 93 35.2278
85 94 196.5426
85 95 87.0460
85 96 22.2036
85 97 153.7335
85 98 319.5074
85 99 251.5572
86 87 206.5188
86 88 383.6001
86 89 96.8297
86 90 293.7771
86 91 142.3692
86 92 296.5620
86 93 249.3933
86 94 380.4537
86 95 287.6474
86 96 223.5733
86 97 259.4340
86 98 179.9806
86 99 419.3149
87 88 457.0525
87 89 302.6450
87 90 151.6080
87 91 148.1924
87 92 206.2353
87 93 242.0021
87 94 245.0816
87 95 207.0193
87 96 228.9651
87 97 103.9423
87 98 156.1570
87 99 259.5092
88 89 398.0013
88 90 384.9493
88 91 314.3024
88 92 312.7747
88 93 223.6515
88 94 388.0670
88 95 301.3038
88 96 229.8956
88 97 402.1505
88 98 539.6332
88 99 448.1451
89 90 385.8406
89 91 226.9912
89 92 379.4588
89 93 315.1587
89 94 468.4795
89 95 369.1030
89 96 289.2905
89 97 354.1892
89 98 248.0988
89 99 510.9609
90 91 162.6407
90 92 76.4853
90 93 165.0273
90 94 95.1315
90 95 85.3815
90 96 169.4993
90 97 47.6760
90 98 305.7221
90 99 125.5388
91 92 154.3308
91 93 121.3342
91 94 241.4995
91 95 145.2790
91 96 99.1262
91 97 140.9433
91 98 235.0532
91 99 285.8041
92 93 102.5280
92 94 96.5401
92 95 13.4164
92 96 115.9655
92 97 111.0360
92 98 349.7771
92 99 152.6892
93 94 196.2244
93 95 89.1964
93 96 26.0768
93 97 178.5077
93 98 354.6830
93 99 254.4838
94 95 109.6358
94 96 212.0377
94 97 142.0317
94 98 400.3199
94 99 60.4152
95 96 102.6255
95 97 115.7454
95 98 347.3154
95 99 166.0903
96 97 175.9233
96 98 333.9461
96 99 268.5703
97 98 258.3273
97 99 164.8059
98 99 415.2325
